3480
8898
7997
648
4615
9331
2460
340
2700
3295
2243
4726
6952
1896
7033
6099
9318
2241
3736
3755
6436
2677
6042
7854
4002
921
1206
2934
8538
7680
421
9382
2762
2550
4111
9324
4371
222
3519
6910
8776
9550
3999
3091
9141
1774
1355
5050
2101
863
8225
2642
7907
832
5080
6087
914
8029
6302
7956
9398
7896
1546
7000
9265
7642
8941
7226
4802
4657
3072
3194
7766
5573
4057
4034
5274
5703
1097
409
4588
8968
6797
1652
6716
9186
2012
5679
3242
9614
6491
1140
2679
6743
1199
2359
8464
4824
3575
6755
9181
3542
6488
1203
6641
9947
493
9156
1486
1892
3591
4130
2840
7423
5019
9225
5458
7624
6515
3404
1246
5109
7437
1734
1601
2905
8849
2598
2328
4068
1054
7915
42
4722
8546
6719
6502
2067
6470
1535
4631
7936
3764
9392
7116
81
9027
6026
3700
6571
878
3430
1275
156
3427
5482
9850
6542
9128
6609
7661
6590
165
3669
5016
4515
3545
1304
7451
6916
5997
6935
8857
8488
8996
9614
4202
3145
1351
7351
645
706
6953
3669
2759
2316
4603
9345
6777
6900
4031
624
238
8143
6902
6448
2593
1717
4856
8460
7615
837
402
1702
6257
7704
8141
1347
8025
5726
4802
3449
282
6635
3558
6726
6593
2911
5845
8525
2917
2462
786
9629
2359
9180
3370
5653
6022
186
5337
8497
8172
8087
5893
8612
4530
3645
6536
3910
2498
8239
4713
5420
6589
7944
5583
9385
7746
1118
784
8213
1310
8172
4491
5452
6707
3740
5374
3704
7709
6556
344
1283
3028
7365
1345
4166
4546
4295
4672
820
4230
3568
2910
4792
4946
9462
6659
8281
9844
9961
2775
2378
7566
4702
9022
656
6285
7854
105
7244
7518
8624
8943
5538
260
1726
1833
2762
8092
4458
190
1125
121
3940
4269
762
2525
5739
7778
2526
7646
1392
5175
1464
5726
4200
4852
2786
6412
3512
5682
4828
9981
5702
391
9200
8775
40
6141
3380
4943
3251
1453
3035
4265
7456
3940
8518
4890
8233
5781
2513
8324
3826
8594
6622
8620
8673
1408
1271
9131
8981
3383
9751
7008
2799
9305
3714
1998
9763
2108
3155
4352
9831
6025
2215
5543
7665
2406
9411
1076
884
5165
9357
8552
1374
97
2342
4607
98
2167
6239
7584
6277
2300
943
3724
1525
7195
1994
8854
9664
8023
797
3789
3379
1238
1854
9795
8061
187
6435
2721
8640
7657
4752
4578
2364
6717
5041
884
2081
7452
7402
653
9724
7186
6353
7668
6908
14
327
1277
9110
1372
4817
4685
1883
5470
1580
1594
5437
9821
3653
8568
2792
5612
7212
4993
120
7265
9053
1606
664
4147
9542
6039
9013
7667
3379
6945
8846
9980
8162
4261
5733
8358
2669
4920
957
966
2906
9077
762
1734
3024
375
6591
4257
5070
4852
8794
6860
4334
4662
9269
1011
7553
1466
7591
5937
7553
5403
3141
274
2877
869
9151
4969
7296
3567
8272
4759
4582
5170
494
9454
4159
4687
6667
7757
608
4638
389
4998
7882
3822
701
8835
6003
5393
3961
5265
3016
2016
7166
7142
8236
6612
6733
6722
6179
1881
9116
4808
7085
2419
9152
8734
400
3439
3666
3061
6693
572
8971
2686
4799
2152
2773
6712
1916
2685
2497
3317
7572
6284
3036
1735
3093
7761
5426
6280
6770
7043
9647
4245
8090
1054
3846
2353
3078
5660
756
8625
386
9203
2916
7861
912
3943
3607
1539
4163
3470
7735
9440
5304
4106
9577
921
5866
3734
4040
1849
4365
570
9177
6070
234
9596
3220
7212
1603
5351
1937
3026
4288
3918
6944
7205
3514
4257
8449
8404
1906
7512
5521
4114
1672
7572
2376
4671
3490
7641
4759
3425
6430
8973
5933
7059
5632
2417
516
7653
3803
6295
2392
1604
3795
5715
3252
999
8351
7489
2494
8953
8558
3305
801
6100
5655
7895
1545
341
6671
2497
3020
3008
380
7497
6066
2609
5339
8199
8894
3710
3181
9864
7058
907
9502
93
1945
701
2133
936
4151
1127
4811
79
7013
2759
7003
9605
8082
7178
3266
2925
4473
2653
9381
8205
9820
3961
5564
3838
7207
3994
6930
8700
4974
2190
2840
6107
4729
8487
1795
8916
645
60
1415
2434
7885
3333
8412
1546
6937
9834
8540
8355
9293
8070
9533
9548
5694
7948
4589
1832
7519
4545
7690
9193
2292
101
8456
4194
2652
3761
7700
383
9318
8763
4118
2577
4564
9124
7566
9707
742
7401
4573
5386
401
8998
8739
9282
3847
1207
7013
1023
2508
3947
5572
8778
9037
3600
5652
2442
1859
4210
9426
1240
758
7878
3696
4177
2994
4480
4615
2625
2350
1398
9691
2141
7463
933
8024
1455
5921
4322
2873
836
2023
3843
5488
437
2388
3583
6492
603
1806
1246
4908
172
1283
2055
205
3816
9807
4183
9008
2276
7541
8269
4464
4458
8471
8886
820
5157
4676
9858
2004
7779
2690
970
3689
2581
8438
1216
6712
6230
5165
7331
3241
3422
9365
9566
4427
2979
7441
1631
2273
8120
2849
7669
2919
4063
6591
6697
6840
8432
3139
2994
8533
1282
6099
6745
1185
1350
5237
6136
3293
645
8095
9273
861
907
7230
5463
1455
308
2440
270
1211
816
8241
8928
9861
5916
9839
6828
6021
2356
9387
4446
607
8612
7445
3053
9026
6753
9562
2145
7431
7599
7459
7637
8197
289
6874
550
3039
1734
8826
7396
5988
7484
3410
1209
8120
6544
6042
402
8624
2360
7693
2844
1330
4901
9586
4568
6233
1234
9709
2825
8420
8027
1570
9982
9711
1307
4457
5474
7330
8780
9901
2785
8626
4074
4669
3945
297
967
2193
1980
6987
6067
3709
9394
7530
6491
1232
2544
9075
2011
7789
1479
2921
157
7883
1294
738
4383
1184
2244
5811
1077
6694
1287
5372
7110
3879
2040
4177
1676
7514
1405
2371
2038
9176
6730
2403
2540
8449
2470
5095
3824
3346
6763
8812
7291
7895
4560
8216
7912
6802
5584
7109
6472
95
7574
5743
8362
9058
8690
7341
972
5668
5635
7684
6099
2774
3734
9639
5728
7140
3756
4800
1718
4333
5298
6024
4620
6886
9061
6649
5082
102
146
3756
5928
5968
3859
1782
2583
8032
879
3338
600
2749
2397
8986
5417
4726
9284
7772
4372
5681
3816
8110
7388
5740
2055
1945
34
4556
377
86
5704
8853
1732
6910
8107
7116
259
6637
8150
7502
9333
6552
2081
6024
5407
4439
1178
3306
1987
8089
7882
101
3077
554
2986
8748
2470
1713
2884
9984
9688
2455
4408
7845
2854
4026
7149
6062
8633
5946
7116
7749
5893
7563
4918
3188
8254
7291
648
8268
5648
4348
983
5755
225
6878
5244
691
2342
7280
2575
7996
3226
1823
7015
8427
1744
1317
1728
6341
8076
5965
759
5919
9021
4029
7579
5532
5096
1069
5692
8836
7579
7139
1760
3634
9957
8595
8708
2889
9453
7163
4028
8273
2078
5656
3776
6159
435
1253
2551
2448
7532
3914
1428
2859
5136
1050
1619
562
1091
3533
5422
9619
6890
5800
134
4741
5141
3168
8225
8788
1382
3900
2970
6937
8410
1029
5036
1562
4719
7517
129
6206
2665
9315
6167
7456
749
9652
1731
3264
3329
7030
40
597
1358
4986
5353
3855
2564
7141
6282
4716
7135
8524
7593
2979
9466
75
7429
5280
9497
3414
4087
4971
5174
3884
6128
2438
929
4759
8942
8413
1485
5010
9329
8181
2706
4612
2878
3450
3085
6673
8086
8276
5548
2739
4213
7147
4285
4052
3007
2122
4436
2977
3815
413
6869
1828
7750
4508
3823
761
6076
1522
8971
5437
1326
4029
9457
8628
3474
1750
633
8334
7772
2538
94
204
1962
8855
809
7394
3140
9002
2348
3959
3329
1292
9855
1368
2900
4370
6255
1832
3683
2409
9069
3549
8732
4418
2875
330
2695
5686
7184
1552
249
7349
3613
8173
7801
5550
2042
2480
2186
4923
6866
1946
1644
4166
4644
1417
6037
577
9615
1437
4581
1097
8973
6746
4501
5218
4199
5994
9982
8486
1344
3915
5759
1700
4220
5595
5259
2179
2582
4370
6440
112
4940
6896
4193
4912
714
9971
4003
601
9934
4992
9935
2644
9806
6749
5166
7508
9166
2402
8157
5348
9727
8130
1668
553
1627
9467
5639
5783
5295
3675
5505
4037
3868
764
1910
9263
1819
9263
244
4158
7232
6972
1797
2725
2986
5976
2268
8194
2237
9001
6705
63
7207
2908
624
4868
5204
9239
1363
696
4117
5664
5783
991
6320
6532
7624
7826
2674
4188
7410
5905
7474
3828
8259
5821
9451
9088
2589
4451
2342
801
4441
1806
1552
3913
5955
1870
7159
9982
7557
5191
9081
1730
566
1964
9904
3574
9611
6951
4129
7502
4402
6648
9553
7113
6143
5233
2007
4027
3844
4241
427
2234
4884
1315
6399
747
4520
2166
6936
9925
1592
3996
709
8687
727
8255
2620
2849
371
8834
2817
7800
1280
7095
8621
3496
8894
2534
1115
7124
6573
8505
6934
1748
7859
8291
2316
821
7285
4007
3391
6256
4522
9083
4978
1444
1433
1890
207
3166
405
5884
9854
8922
7028
7524
5454
1817
6768
7778
7452
2526
7249
6323
9508
8380
9627
1870
8271
9833
4205
1178
2368
9975
2587
575
2399
5134
7890
6243
2545
9381
8870
5903
4533
9053
2543
9420
2168
7534
6965
4971
6354
1386
7598
2760
6956
9121
8668
2817
2268
6987
6314
8597
469
2747
1684
8516
6655
581
7672
2906
9859
9570
3918
6283
3892
8602
9118
4119
9795
1623
4463
8790
8506
2264
2524
4436
7099
864
8984
6195
9230
9460
7384
6292
3213
6473
8220
4254
9955
1869
6763
1933
8485
2544
8317
8442
4686
3011
584
1816
9546
2619
1233
6582
3530
4462
7362
2529
1974
2051
3230
9445
8047
5304
1204
1020
395
119
796
5854
4773
8313
9592
9891
4340
6436
86
8180
1181
3333
6185
2847
4354
1034
6145
2675
8819
8833
2717
3990
9506
575
6027
1419
4290
7161
2
2659
4258
840
9339
2038
9707
3249
6452
4479
8055
8715
6260
2032
6972
6438
286
7255
430
582
8512
8987
3350
8428
3374
4455
5192
4457
2354
6330
499
749
3253
2417
3349
9200
7731
8084
7499
7757
3330
601
9395
7257
4828
4786
5243
5123
1230
3444
9106
9678
8143
614
6740
9199
7901
369
1837
1955
5041
1837
6901
6251
8123
9491
4364
6102
8055
3406
5065
6480
3864
6179
4408
2274
9294
2002
1459
3615
3347
8797
5529
284
50
852
6443
5304
805
211
6646
1853
9502
9360
9686
4468
3466
1119
770
6894
3597
1590
7785
3626
8967
8928
6039
9373
342
8362
5567
2984
7058
7304
787
6484
8318
155
714
6039
5876
192
612
1026
4907
2785
3392
4305
9691
5320
5230
9351
5616
8458
556
2638
4912
9119
5399
9230
3277
23
5570
7765
21
726
2992
4101
6729
2423
2351
8951
9445
9550
2586
8009
3095
8325
8751
2407
2136
7543
2980
926
9881
7837
7836
9227
9577
3870
2809
7315
2079
1210
8511
9832
3212
2521
2874
45
4871
2058
8722
8264
6968
1412
8324
7516
4501
9097
9912
3578
8777
3668
7431
5624
146
4838
2555
6481
5078
9026
5775
798
1818
2149
2832
5573
9640
5892
3570
7425
7825
8357
2065
1059
5280
3224
7875
9379
751
9272
789
1760
3543
4829
9890
4962
2451
5773
5593
4913
132
3575
3132
1272
6665
3918
5485
4556
9576
3516
190
7261
9772
5419
6565
6666
6607
1699
23
3177
9520
9770
1339
7107
1296
5424
7322
6907
8979
8751
2536
8272
6152
4292
4466
2568
3621
1454
6236
6240
3661
309
1479
9097
670
9891
4145
4343
9312
6819
913
9388
3970
1458
2425
5143
4247
858
8912
480
5391
1980
6835
9030
8912
855
5208
8059
3913
8731
6734
6032
5692
1617
6519
3989
6270
3727
2837
3643
4586
6672
1816
5205
4442
8795
5338
6254
3718
5815
8599
3654
9280
595
3335
5960
1258
5354
2819
7793
183
26
6191
5206
3303
1784
5106
123
4944
36
8045
8822
431
6045
1573
6818
3165
7328
3067
3596
3319
7017
630
6349
1053
3352
4032
5573
893
3856
1754
6706
2863
3837
310
1751
6733
230
1579
8144
8359
777
9576
2290
8934
9067
7171
94
4882
9533
4149
9178
2739
5992
8424
8814
2247
3601
8949
1462
7637
5022
8504
6847
7083
3981
4675
5586
223
2148
5493
6478
4720
210
4695
7891
1355
1880
9510
4557
9971
8687
2436
8943
4021
3675
156
1999
6273
4878
4491
9602
4681
2863
9090
729
1430
2268
9302
4204
2023
3545
9424
4815
2758
4355
130
2685
7047
5680
2548
6271
8760
4259
1027
8097
6876
1866
1863
7487
8185
5512
5840
1549
1958
3396
5045
3389
9319
4666
818
6350
4941
4584
4676
5453
4046
2554
5358
6967
7550
4550
2386
1940
1488
2719
1110
1774
9070
7074
7275
6773
8452
6784
6330
3599
1943
177
1349
5572
5898
9073
2618
2957
233
8833
3053
4391
1822
1360
5339
184
2434
4155
2896
5574
4712
9316
4392
1713
6417
3824
3035
156
9931
9596
7188
5428
5982
8983
190
4612
7055
4970
4260
4041
1473
8739
8119
2919
9783
2615
8265
1940
9218
6305
9709
7454
4954
15
8347
9334
8360
342
2260
9654
4160
3103
1085
4184
5143
878
8263
607
5529
9433
2495
6008
5511
9102
2015
2649
5238
5445
2191
6737
8225
1226
9666
8257
1948
715
1902
8008
7899
6364
4530
9463
1874
277
240
2745
1081
6502
976
9784
9652
2389
7857
9097
5477
5177
3846
1536
9057
2444
1427
704
7325
6193
7616
7629
4376
3486
8673
9048
5527
5927
1040
3080
5997
7519
5729
4001
7754
8751
3841
7359
2341
7695
4486
1066
8227
5114
5718
4422
564
1348
2886
4153
7877
9793
7606
8934
1549
76
3812
9563
6431
8091
7255
1076
3095
7033
4523
4044
2602
6690
4475
9706
7472
1389
2333
3098
4412
195
9338
7736
1809
4071
51
3466
3225
457
1414
4777
9654
9267
4160
4545
9115
4741
7572
9276
1993
76
8730
2398
2792
2580
4938
1795
1765
6778
9442
1944
313
5158
760
7637
5207
156
611
7791
9971
3209
1474
1869
8696
7847
6253
8715
961
7902
5896
8081
1425
7145
8399
4317
4105
158
7324
9201
1951
930
4524
9044
5980
7401
4622
5475
2708
7072
9078
2415
7059
4938
2729
341
5587
7495
9723
9455
446
4133
8221
3792
8515
133
201
2283
2231
6535
5471
5937
1633
3262
5360
7969
8876
6276
1850
9866
1427
9684
4651
8525
6044
8391
2040
6631
4764
4797
1715
8411
9481
5268
1135
2646
4711
4057
1237
4247
938
4829
2004
6296
2930
5528
9659
1492
1666
4915
1536
2418
8734
742
2467
4401
5512
4174
1770
8678
3377
9256
9860
7913
7152
985
7574
2626
8874
7035
329
5825
1583
7264
1553
2009
3621
5493
5917
1168
7087
1668
4181
9482
4359
1610
1697
4568
9847
8819
4100
508
7169
4433
5201
8675
912
882
5907
9620
2003
9332
1258
5054
7913
3743
5578
246
2694
5666
398
9196
5969
9811
8118
8150
7141
868
3349
7727
8409
5104
3180
5955
5670
4990
4737
9137
3421
5731
957
8129
6518
6459
1903
8948
6438
8234
3883
3267
3034
1552
6272
6465
1749
2701
4066
3510
2550
4723
3842
3725
713
527
5928
207
3840
8957
5503
6661
3683
6146
499
570
853
1300
4831
1613
2611
123
4110
9416
1440
4388
9894
7621
8144
9278
5001
2241
9582
41
6198
9294
6185
1699
9087
6802
7275
2234
881
3467
9577
3081
1043
601
183
850
9535
9907
4667
1281
7866
7352
2619
4478
8722
4409
3893
275
5765
9061
9944
8110
677
9676
3607
5883
8587
6637
695
7227
570
4991
8421
4109
668
1337
7715
3562
370
8587
675
9131
9591
5860
8420
3755
8466
9211
4817
4275
2158
578
3523
9455
4106
9009
946
7878
3091
3494
8907
6395
1735
6666
3113
9998
5899
2887
7379
8654
6644
6152
585
6490
8372
3168
6809
7865
9800
2670
6638
1293
3997
5657
2968
9942
4408
5019
2214
5131
1421
4240
6895
8333
7477
1526
1555
3920
2458
4207
9210
763
9990
5930
4653
7408
5662
3993
6635
2233
7454
9859
2514
1478
9765
8970
8745
2106
160
5638
5802
8186
9926
7071
7620
7704
721
4658
7478
373
1646
3274
4003
4475
220
6865
3203
1377
3298
5019
7918
3969
9890
4295
251
9235
9970
9537
4376
1450
4833
9929
849
3042
4815
4983
6289
7189
5933
69
1386
7304
4274
4167
6975
6298
7370
550
91
7197
3745
8614
6342
3521
5092
473
8983
6151
5752
281
6890
628
5508
935
394
9913
9166
2559
2921
6452
1002
3874
236
7968
2877
8796
7029
3331
8593
2196
5423
6806
8556
3448
2752
6414
2695
9
9207
9332
8866
2593
9556
1754
5247
8084
3588
4413
5414
6387
8703
5226
2206
2515
407
1720
5655
1868
795
8879
7539
3108
3571
5084
9557
1719
8954
9980
9070
8975
8603
4877
5853
2480
5083
2356
3618
9441
1017
5644
4096
7214
4327
229
920
6779
1566
9296
2941
1005
1243
5274
9088
3932
7258
4875
5085
5419
4847
685
6149
2505
1212
434
5647
6398
8500
2631
1378
7182
2236
8348
9661
2071
7428
8867
8161
5601
3738
4959
646
2761
8428
7872
3435
8899
114
87
6871
1310
275
3843
8962
9003
6075
6057
3539
2907
4684
3731
3882
9739
5354
3506
2532
1787
360
2033
4546
4593
6371
4692
5154
1645
1647
5694
9742
6601
7395
4557
8298
3852
1878
9707
2175
2705
8723
2561
668
5601
7143
470
4917
3007
7813
7712
1393
8486
9219
4177
8076
3843
6414
5437
8938
8760
1112
648
8075
8092
3079
23
2730
582
1000
1426
4321
32
1046
8181
2450
2368
4121
4044
8244
2388
229
514
6994
7972
5306
6726
6840
5699
1492
5144
3876
805
482
5476
4074
2602
5125
9857
7464
2782
6591
9876
3634
5349
5090
2727
4701
3825
5378
7581
1662
5483
910
1033
4592
6254
7822
4539
48
1823
4765
1253
6372
266
6827
296
7154
4747
775
2473
922
9108
2838
5129
9478
5283
5750
3208
778
1762
8435
9058
856
5121
1875
6775
4233
3634
2174
3100
810
8647
2777
5749
4929
3889
930
7347
946
2518
4781
8342
5955
7173
6024
2688
8550
281
2124
3786
4830
3097
2856
2862
1096
5110
5540
9587
3350
1353
1602
2939
6756
8425
3925
6006
3697
3356
3946
603
7256
4680
6078
3017
1151
9651
1890
3703
2437
5303
2515
7205
6075
2237
6068
9222
7071
9498
1316
9618
8276
7879
7076
7950
2385
278
7831
2249
7462
4796
1250
6823
4865
4203
5297
89
6664
8869
632
1550
5763
6178
5441
8960
7603
4220
7795
5471
7975
6650
7628
4843
666
8835
9440
2013
1347
7829
7918
8657
8370
1025
3705
4558
831
6351
1742
2242
6470
3812
5055
3449
2543
5584
5360
9270
8851
4176
8118
403
730
4231
681
5430
5492
5491
6143
3686
3625
7428
8630
2684
3586
1028
2951
2516
6636
9137
185
8578
4631
9291
4798
7375
5193
2623
2828
9892
3635
4899
8317
9963
44
3185
3901
6835
783
4809
739
8703
5814
8201
9534
9064
2027
87
965
3789
6270
1604
9225
5277
5330
702
9454
7186
6504
2514
1456
5052
1334
8150
9090
8142
2366
5786
7284
1410
2105
2796
5952
538
7873
9519
3480
5738
7858
6071
7296
1538
1293
7055
7877
7283
1668
4086
2017
1438
4284
957
8793
4058
5219
2994
466
9172
5664
9014
8499
1898
5615
4102
7362
7186
8746
8733
134
9699
8313
5865
9573
522
3105
2602
49
3836
4549
5477
8046
6757
3689
206
4019
6455
5522
1537
8015
6023
441
5672
1239
2944
4790
1304
8061
2863
5849
1054
917
9509
5620
4799
4269
5349
2701
5177
7759
4514
6100
8705
7263
168
5902
813
6887
8351
1722
5437
9252
8043
8149
2412
7414
7084
9453
3547
2849
651
1852
3374
4557
5652
4321
8306
8658
5147
5535
8105
161
3876
8988
5643
8258
4367
9764
5661
7731
709
2749
6582
2586
7048
7182
5501
330
9823
5820
5948
4985
5318
6337
8154
8799
6974
621
5564
8285
9625
7538
3630
9715
7623
2370
5430
3474
1970
5565
1757
7135
4128
1152
7021
3299
6235
9938
8244
7466
2360
7770
3601
6726
1849
70
9661
7477
5555
6044
9543
7199
7388
2084
7523
5751
1602
2153
370
3138
5872
7541
9552
7170
4529
432
3576
5816
8040
608
6652
7908
738
6539
6354
7095
7293
8321
3944
5832
1310
2050
2716
6366
9309
690
3383
2530
5489
2638
9735
4711
8062
3293
5868
7054
7909
3175
5368
5592
4323
9303
4679
2045
3726
4803
2421
7679
4087
6801
2742
684
7126
5853
7643
7947
5738
1504
9003
8413
5081
4562
5498
2870
4500
3488
9013
5107
2394
5017
780
4129
7071
7987
6123
4322
790
700
7452
6732
6201
9307
2208
4607
62
9792
4746
3065
8768
6847
2961
8979
1927
7175
4947
3429
82
6892
8083
3557
9301
8318
499
2590
1943
70
1343
369
8288
7894
9852
2328
9402
3738
8162
9716
977
5080
4451
2787
8338
4804
6926
9656
1548
5652
2581
9879
183
7277
6044
1731
7831
5352
6814
4812
1821
3407
6981
339
1525
1331
8374
5391
5873
2991
7231
7596
2836
7506
2846
5755
4977
3033
5595
9198
8453
5689
5724
4436
8046
6168
7987
1590
4587
1773
5853
3169
8453
9611
7326
4524
1344
5872
7557
6020
5088
5296
2433
871
8517
7531
5382
5868
3211
2452
9200
4205
4547
8193
9416
1139
900
8019
4264
6897
6152
5344
7134
5400
2536
4113
266
4121
6079
3281
2274
7038
1143
5203
4581
9400
3606
4991
2501
6108
3210
7822
4636
804
7417
6411
2428
1367
4511
677
8283
4736
2834
6548
3400
9540
6616
4114
1715
7428
3817
7848
2206
7150
9502
8735
4528
8622
9728
4449
4894
1340
3088
5106
6065
6881
3617
6805
6723
7736
9133
9340
6522
2240
4949
1280
7774
5084
113
2032
6225
5947
3160
6696
7590
6598
8615
2376
664
6190
8685
4153
8600
8834
2603
8326
5163
6721
2389
8212
149
4596
4397
1061
38
1999
9205
3328
5438
1734
2979
524
3971
2744
3808
7137
2725
7156
4632
3053
8822
4998
5533
2482
7070
5687
4858
25
2413
4608
7483
501
6297
2720
2422
2742
7692
3699
9202
5281
8381
1219
4589
899
4924
7554
9817
2956
7089
8301
5209
5115
2205
6591
1406
73
9402
6038
3140
1795
3866
2936
1575
995
7025
9015
2027
6004
4035
257
3946
7575
2593
8790
1836
1528
5249
2057
3244
7682
45
5634
2191
1983
4212
7797
7931
4190
297
1516
2021
6261
1553
9843
2942
8832
4806
4618
4271
7645
9408
4928
9403
5511
1998
444
2437
6990
2450
821
9894
2102
1497
2307
8128
7448
1854
6163
9810
5104
1933
5165
1500
3384
935
8696
4251
8090
1409
646
1743
6449
8384
5515
9144
5433
1157
6647
4817
3041
4829
326
4959
7179
7789
4796
1153
7917
1517
9175
4749
6804
1807
8587
3338
3447
1500
7610
2011
8398
6411
1839
3924
5033
4154
2203
5367
6229
1549
730
2682
3886
1799
9985
5496
9059
6158
2250
1038
4359
6872
9071
5285
1806
916
482
924
6464
5986
5053
223
1109
3625
8875
3649
9674
677
2995
5344
6876
291
8018
6157
4722
640
2266
1722
2718
1241
1701
7292
3047
6559
9903
5822
4025
8400
485
9249
939
9017
7070
3694
4517
8930
6477
7553
6708
7118
196
9321
6648
6173
3292
1312
5565
9881
9034
3066
7620
9141
8994
78
5502
3437
701
4208
9925
2873
740
1014
3776
4418
4269
1800
8384
4443
7031
2361
1137
1630
3912
8019
3473
158
5826
978
5596
4387
5431
1448
9438
7736
5598
6767
4068
3102
8236
8528
8239
1777
4857
9730
2651
2456
923
3002
2197
2511
9496
9328
3394
1078
4513
1585
1271
7996
677
8700
1961
1286
9963
9320
614
9766
551
8736
5100
8721
9611
7367
8537
9015
9349
8397
6434
6780
4408
7712
8532
9207
657
5117
2501
2782
8447
4475
1260
8332
1214
9761
3269
4964
5804
3348
2220
9595
7275
123
8858
7224
5472
6352
2028
3214
5619
6752
8574
8173
2519
2428
2276
2907
7421
3401
9528
9546
8262
1287
9026
6088
1054
9549
8106
816
4628
4442
7850
6416
2375
3082
8037
227
7778
9752
1725
5890
8094
4657
2211
8517
7444
7460
4928
8680
8878
9237
3204
3023
1235
9528
2455
2399
2510
2691
8763
8042
3248
8676
381
1634
865
9825
401
4216
9283
2039
1174
3361
9247
841
2486
2073
9718
179
4258
3036
3062
7340
579
7201
2212
6504
3838
9276
3927
7941
6806
4887
4870
7222
2337
2188
7577
9508
5806
3904
175
4998
8861
1721
9681
8350
7923
9630
6731
772
1646
9219
8221
9946
349
4985
5624
2126
2286
6639
5621
3327
194
4509
6310
9759
6484
134
3982
9808
7914
5328
4310
6951
1709
2964
9347
1673
3756
488
4384
3517
3753
208
1405
1754
7044
8566
65
2105
5620
903
1544
8067
9077
9605
921
1142
9006
8749
9592
762
3384
6372
8966
4887
7402
9935
5911
6333
2745
5202
7485
3243
9233
4407
5269
3370
4726
6038
6287
2890
2007
7518
620
6895
4721
9775
8467
6794
252
4823
8232
5884
3155
9125
9943
3435
7386
9266
7414
169
2683
6176
696
6709
6094
8476
1134
7669
973
6569
3586
7504
8474
4005
9073
8496
2364
8704
231
8207
6477
8037
522
2387
5971
3321
7562
7760
3961
7878
5767
6567
5061
9521
1878
6595
933
9189
9185
3568
3596
3890
2696
3111
9677
9578
2928
6349
6692
9841
8965
7153
247
3380
4324
2916
249
9030
2224
4961
684
130
7684
4631
5178
7916
8090
409
909
331
242
2207
760
1516
9740
5308
4058
6862
8893
5273
1766
6660
8247
1078
5495
9562
5665
3217
5083
7772
8757
3550
6314
9550
4378
9727
240
8988
5062
4595
2921
5966
5675
3155
1736
3115
3022
8843
5555
2787
4365
3531
5129
9306
4606
9812
4911
2625
2855
7095
6956
3383
1913
4035
6312
5966
9191
4133
2061
5705
7722
4639
8611
4579
7320
5166
3713
5686
8198
8780
7410
5810
4217
2228
2714
9511
6954
4532
4648
8651
7916
6281
822
1367
1158
5572
5770
3528
5572
3310
6185
7026
6307
1445
4483
4263
5034
2712
7102
3641
9479
5435
8918
242
3040
9187
6334
1892
1384
5955
3450
2231
5468
9670
4799
2692
2427
2053
7762
9395
1412
8609
860
1649
4596
6309
4181
7255
561
237
1130
6774
3439
264
6363
3154
1007
8036
7742
7180
4354
4712
7512
6131
8335
1160
845
6068
1788
3766
2622
8073
4791
4025
328
9355
2649
8495
5883
2872
8489
2194
6344
1231
6693
5585
8993
4217
3602
4929
588
7667
5980
520
4503
8290
8018
4758
9527
2070
8703
6415
5282
6900
276
4624
4824
7034
1158
2985
9197
292
4585
7631
578
4349
5702
5200
4489
2866
1315
5735
9949
8247
640
5051
3333
3695
9241
3032
271
8336
4890
7781
6148
5104
9272
7449
8048
8629
5566
6082
1412
7148
7549
6384
7579
6756
3081
1492
7828
992
8433
9285
6615
691
9269
8343
4653
3071
5678
8605
4124
9281
4348
7003
4782
7178
1442
9919
8682
2932
8633
9110
1659
6886
236
4501
3347
6175
3889
6592
4969
8783
5486
5826
9488
5155
5297
1566
6037
6459
4508
5307
928
2128
3739
1001
5029
2421
6502
3297
5208
3152
674
3630
5458
8266
7459
264
3540
2731
7924
3703
8842
6605
5021
5203
1679
7528
2276
2254
5796
2534
4240
290
7984
1126
2866
5093
5034
5681
7092
9977
23
2805
5080
6329
7229
5715
613
9947
2270
717
1483
4061
668
6347
1541
9748
477
9262
7232
9066
966
705
6611
3138
7305
2841
3396
2846
7129
8969
5691
7440
7365
7558
5190
5440
7359
6571
4180
5251
5137
1282
7216
897
2072
5648
6354
565
3160
5692
8889
9505
6536
2136
757
8602
7534
7534
9277
8534
8945
8503
5256
1267
7936
8650
9102
9989
6172
3927
3242
4643
3637
578
7636
4854
878
6849
5000
3771
363
7352
7923
9325
8340
8807
4037
3678
7097
3711
5405
5169
2795
2618
4935
2726
9931
9668
1587
1083
3011
8451
1800
7455
5399
7235
8353
1097
6679
1477
7507
1220
5771
9276
5777
7494
8760
8309
5133
1453
3044
4000
5307
1458
9963
9295
6893
7524
4680
6993
3438
8675
5902
561
7407
3472
5800
4221
4397
8439
2182
1541
8559
1678
6051
639
3918
1253
3445
1444
6468
3552
9025
3707
4500
6930
4345
3035
7150
2289
5019
9358
9514
2477
8418
6813
807
2614
9076
6370
4691
669
659
8452
8412
5973
2857
3441
9561
6236
2991
8718
4151
7210
6875
7533
4945
3911
7818
4448
1762
3793
7200
63
1556
8335
1870
6661
8185
9101
8720
7028
2261
8310
7582
1420
8462
4702
7222
3644
2356
5099
8232
6478
9317
8324
7842
2629
425
8727
7569
1843
6443
4325
8707
6717
8667
334
9438
9252
2627
1977
7377
882
3113
1577
5719
1874
4905
3568
9138
7670
3852
9624
5747
860
1759
6487
8991
4066
2523
5528
2043
2379
4205
9818
9586
9408
5193
6281
903
8419
5077
2257
9696
3810
838
5784
4975
4215
8129
6586
8497
1347
6352
5008
2289
1952
1276
5499
4524
5557
1188
919
9354
3124
9584
9362
777
3796
9408
1517
7709
4067
8684
123
4689
4182
7796
5918
7781
6256
3866
8461
8061
9472
7718
3951
2531
9950
8643
2687
8086
6275
9067
4372
8508
7425
8232
6972
6966
8378
3841
5598
6558
1235
3159
7661
7362
5916
2542
1017
4992
1807
1653
5889
8302
4667
6055
847
9984
2602
8566
2127
8909
3484
423
5781
6805
4365
3673
6327
4352
6210
3764
6784
7508
9221
6234
9544
4608
8232
1734
8718
7902
7137
8223
9112
6919
6336
9847
3115
9646
1986
5899
8248
9467
7028
4329
4555
5822
5675
2513
7187
2426
7600
2561
5185
1163
5229
6179
354
1382
4023
378
1265
6023
7491
1884
3417
2328
496
4817
6296
648
2064
4366
3347
7511
4888
3016
6927
8320
922
1064
5358
9584
940
6339
5270
7724
1233
7716
9258
628
5971
9712
5849
8315
647
8140
7202
6566
2310
7804
31
637
8750
1214
5481
6978
4835
3927
4804
7405
9143
3079
5917
1187
8753
2259
1798
8791
8525
3755
2425
9322
4966
7675
5345
6011
9443
3143
2666
1095
8478
7884
5143
170
6503
7512
5525
3277
9243
3254
1754
6102
6670
6745
9407
6178
807
2936
9848
1602
6006
1039
9101
4528
3104
2207
7113
9395
855
6810
8803
2587
6005
1905
2117
4650
8504
7000
7267
3763
1248
4259
4779
2349
819
9117
287
7239
2432
9312
4040
190
8797
7917
8033
1886
5314
6670
3202
9345
868
8512
703
9460
4490
7774
162
9885
4953
6388
9258
7862
1472
6502
3734
677
7179
7727
3605
4191
6232
1185
4503
8993
5856
2893
8629
6786
823
2816
8114
9656
2224
850
6477
5805
5874
7926
4003
8420
197
9465
3948
7629
2359
3599
2848
4613
1712
9626
9175
9898
4280
8787
7288
9703
3675
8438
3531
2159
70
604
7984
2041
576
8081
1490
3390
3469
593
3361
7901
67
9501
8563
605
8904
8140
406
9453
2740
8618
5565
9443
5253
4194
9966
2147
4295
340
9039
8419
7304
9793
6224
4011
4069
6886
5479
5820
5846
694
5393
3334
200
7027
4302
9952
154
2549
33
4675
3028
3665
9490
9136
2073
2190
4804
8909
5170
3333
2761
3721
1213
9933
9575
4170
5512
3871
5965
8675
8932
113
7744
3503
3993
664
993
9494
6523
9193
1709
2542
9662
5979
5539
9859
9736
7223
5560
8752
7009
2819
4945
4267
4391
3758
4821
4057
642
5908
8732
7565
9805
2332
7723
7626
9973
7001
3736
6580
1636
6432
154
6858
9261
2553
8126
8686
6309
6732
1863
94
875
8141
5887
7017
1936
8397
7462
3741
1050
956
916
3242
6600
134
7846
5605
4102
3522
9203
1448
8892
4989
7178
6337
6758
6274
2768
1658
3031
2636
8784
3776
5858
6110
5006
5626
3045
6853
3726
3962
1636
1146
4333
1965
3281
5058
4912
75
9349
8486
6055
9101
9394
9698
8244
1270
1151
6162
4278
84
5995
6541
7663
5415
8671
4568
4912
1928
7566
7343
3465
7269
3794
1092
3515
1914
7870
3029
1204
8967
3881
5953
2369
7741
2520
4234
8244
5895
7934
8928
6425
5413
3292
3689
3204
9618
5895
896
6073
4330
2901
4927
8468
2045
2553
6382
7136
3783
1874
3895
5551
9807
3403
4594
8765
5470
3096
9113
6230
1918
9569
5909
4279
3392
5283
1627
2335
4348
1315
1627
5959
6511
589
5252
2239
9188
6347
6212
5731
6342
9483
7638
2849
839
1550
7473
120
2476
9651
3713
4626
8798
7885
9244
4341
8866
7184
275
5666
2416
5407
8587
371
1425
3265
2729
5689
1696
1761
952
4392
1495
6904
1334
4449
9719
7603
2952
2984
9976
842
2622
3713
3109
857
8672
4204
455
5295
6722
4380
7302
4596
6653
833
8784
4449
2856
6382
3215
2484
186
170
5316
9373
5440
7573
55
6998
8658
4748
6151
2444
5505
4264
3576
6557
8077
3159
9529
9253
8760
2884
9831
4808
9101
1508
6782
8712
1119
4785
9506
9560
7766
8128
172
5139
6595
7698
8152
5987
8726
9025
4663
6711
5987
3371
6780
6749
6901
2330
7995
9470
8961
62
5440
4801
9839
89
6263
7275
9208
7721
7803
2702
1019
3179
9148
7123
2405
6790
9719
2265
8276
684
1752
5457
9873
8924
4869
6635
2883
4683
8287
2739
4846
1541
6045
1138
7975
7702
157
2457
3570
3592
147
6037
9106
1068
4726
1553
2162
2927
8345
259
4337
5520
6924
1322
5043
2029
7594
504
7002
3038
8491
6683
7501
5304
5089
9250
273
8555
107
151
3930
47
1465
3867
4985
8317
5521
5856
9625
5266
265
6613
7166
1165
2279
3780
3781
9661
1624
3044
1345
9988
5453
9741
4703
7242
4019
6161
4431
7007
7345
2740
6250
6582
1614
9838
6511
2395
6764
3524
4332
8824
6163
2431
4852
7880
8540
8077
7866
3676
9988
4457
7071
1138
4072
547
9333
5872
435
7708
9683
4954
704
39
7228
1190
7432
1880
8541
8673
8344
6653
711
1936
4507
2546
1984
3756
792
6827
3495
8471
2486
4902
3220
237
4594
1759
7041
2251
2855
6918
2960
2904
6273
3827
9560
832
8240
2645
1540
8709
9692
9130
8967
4600
6670
7879
3750
1374
4079
5029
8900
3423
391
4846
3979
1820
8178
3318
7614
6393
9805
2645
5034
4028
2614
3592
2937
4970
6607
5783
9581
6377
7544
6486
8459
2676
9909
1669
7215
5719
2399
8833
4464
9800
2691
2642
8
3154
5201
8545
7693
9969
2939
9356
3751
7152
7622
4772
6351
7098
4652
7660
9618
2672
5790
7391
2329
6634
7900
1936
681
3547
2297
3489
2931
805
3473
673
3988
1021
1837
4418
8264
3412
4407
9343
8879
7466
9359
4546
8248
4065
3017
2803
1722
2033
7137
6587
9877
8245
3358
8337
8128
5581
1932
9771
2054
9316
4998
7085
5493
969
9387
7859
6656
311
424
4419
3486
7764
3792
8035
573
9741
9561
5378
2670
9995
3188
5771
8116
7648
1891
2663
1187
1757
2166
2269
7907
9778
5672
7727
5884
7745
3453
6706
5922
464
5906
2206
3254
6826
737
3061
714
9067
2294
7993
19
281
4231
1179
3143
9935
34
6309
6747
7709
7799
8727
5886
6208
4715
7862
5138
5025
7443
3533
9792
5474
7906
5066
8653
4730
4560
7463
9959
7011
7858
1855
6342
3134
57
7538
690
5224
8741
7728
2605
7973
9818
759
4463
4909
4889
9322
6616
6815
1695
6295
1341
2992
5445
3566
821
6821
8404
7578
6673
6332
6851
5827
7628
8439
6300
302
9168
6721
7908
1599
7172
3090
7792
860
866
4837
6166
6444
5327
835
1152
2846
9824
343
3883
5807
1367
3022
4178
2441
7056
3346
7857
2605
9759
69
229
8991
2890
9107
5273
1645
8804
5517
9032
8699
8448
1651
8467
8450
2567
392
6587
7533
219
6299
5695
3379
2719
1130
819
3374
2720
4154
3065
126
730
9185
2563
920
8854
4355
7410
1505
767
6277
2153
5810
7555
9411
1675
6936
4048
3488
634
3808
3011
1151
542
8937
2401
3292
7819
331
7435
2534
2593
87
6708
8282
8741
2352
5306
6844
3546
5012
5816
3068
2640
1636
2825
3320
5780
7721
1238
5183
8440
5189
5624
9679
5404
9902
1009
4386
8031
3112
5429
895
4077
8027
4398
5747
466
3703
2274
2748
8283
5088
1188
8541
9659
6466
2413
9589
2495
6730
4099
5582
8964
1226
8331
334
343
8529
6215
8827
1054
3005
5693
5550
3620
4712
9850
1176
7181
6942
1219
299
315
9390
7357
5363
6456
1987
7319
1100
6488
231
7548
2681
812
9150
6547
6738
5910
1760
3635
7195
581
6701
3102
2968
4602
8045
1481
4869
3106
178
8810
8507
6885
1414
1446
9286
5157
2399
545
2786
169
4930
2476
2919
2468
2125
5463
2314
5106
7457
7947
4956
1829
72
283
6097
5758
2055
1118
2831
6849
4966
330
7330
4245
4167
5995
1666
3577
6873
3194
3382
7591
8697
5238
9243
7563
565
4787
317
4904
6750
834
2588
8748
5803
9456
4832
2941
4321
4513
2794
6003
7133
9790
1529
7007
7145
9723
8402
4855
1511
3566
5816
5076
8541
8540
3726
2960
3684
11
7568
1802
8514
7645
2550
2826
9869
7131
2896
98
4140
1462
5222
1226
1891
1330
8593
6668
1709
3141
2002
7511
4723
3698
6053
5638
6055
792
1862
1364
494
8526
8857
1641
5785
8225
3408
2248
2893
1920
7767
1325
3891
5390
2695
1064
894
6751
8831
3209
4500
6147
4805
3067
7933
1561
1157
176
6944
530
5152
2508
8370
8597
9203
7175
1150
8048
4547
1070
8233
7867
6024
47
2698
7294
9016
5182
4095
5914
5776
8007
5534
5746
87
7267
726
1208
3141
1410
4870
1962
2716
1537
6842
524
3699
419
6157
1926
2720
9761
3400
4018
1163
8716
3823
9652
1446
482
6192
6451
1431
2431
1223
5736
4829
1457
8706
3321
4132
3505
7283
6098
1188
8039
2666
3312
4641
1161
9706
4870
1836
7400
3440
1630
1578
1455
4917
1026
6327
1397
4218
1066
3924
5647
6253
7596
3524
9700
1071
5302
4722
5007
3977
9318
474
8609
4313
897
9401
8164
3103
7679
2501
6760
1886
4465
5254
877
7186
2204
1006
6237
2808
7837
1062
8121
8820
5951
8400
3410
9809
9094
7304
1635
2901
6456
8872
5315
904
1258
6665
2304
7782
1695
5817
2130
6277
2500
383
7866
5396
9882
7560
871
4350
191
5223
6411
8948
4710
5937
8550
7603
2282
6272
5561
273
3983
890
7696
8459
7685
3919
6615
8611
8349
2745
2674
2319
2430
9528
281
6223
3970
2822
2129
2070
3608
2580
1061
7507
4118
1382
7748
6793
31
4783
878
6360
7700
178
9080
1623
4534
6971
381
4100
1561
5076
53
4197
7868
3955
6694
1112
7741
3374
6460
81
8279
1045
3637
3071
4255
6378
2835
4437
868
9455
6046
1392
1551
7318
9092
4842
5681
9713
6452
2193
5422
7783
3736
9282
2163
5175
5394
1210
8404
5255
397
5867
4299
6736
4275
6306
509
951
6536
5279
6977
8983
5200
8656
7832
2165
1493
1117
584
1672
6280
7147
5808
8745
7402
1665
6152
1912
8424
6247
4231
2317
2599
1819
8581
6004
445
2195
7580
669
8260
6570
7258
3843
2190
8297
2708
6846
868
9127
4109
4217
8186
2569
7790
1435
8290
4803
3802
7450
6129
8653
5780
3521
2960
3946
3804
1788
7817
870
3389
3996
8522
1872
5465
4658
1389
8295
9956
8585
1484
6913
5049
2478
8077
6019
9623
9212
7644
7198
7526
3981
5164
1114
7358
1490
6462
1225
6980
6052
9186
3626
8338
4760
3240
9371
2128
8499
4408
3491
4265
6852
3411
4952
4667
7493
249
8726
3552
441
8845
5092
4547
499
2832
3032
2065
1071
7251
7383
7919
1802
1816
5961
9732
8029
4569
701
8959
9100
914
4456
5344
1907
5561
23
6077
4575
9046
2178
5347
1023
8726
1341
9780
8199
4310
2522
2324
737
4806
4895
4705
3832
7593
5282
9469
2127
7935
6411
9634
2908
1179
6484
8992
8762
6493
5311
7338
6656
3265
7655
3247
921
6078
1331
5009
4181
4117
4712
2418
7667
9823
4578
7493
9570
4703
5646
8966
7209
1375
5636
9386
5889
3235
8439
1090
6205
6381
3383
2714
8597
7686
7410
388
5960
8583
2403
919
552
3137
834
8104
5675
1685
6329
1409
1807
5345
6089
2121
6327
557
9231
6798
6180
187
4379
5859
8571
2510
8056
3467
2235
4751
8272
9284
5756
3775
6134
9083
7598
6137
1463
6121
4719
8234
6028
2510
5201
724
7068
1821
4045
1372
276
2765
9056
3200
4464
3968
3154
9089
8070
3667
4544
6530
565
1327
87
6340
5730
1057
7119
7502
9032
3390
2178
7151
6176
7600
8907
2592
8903
7089
776
6117
4886
8550
5107
7236
9718
7491
4550
3260
7565
7611
9138
1020
7871
3137
8171
6788
7776
13
4050
5384
1341
8765
2058
5441
5864
6030
3489
2632
7259
9607
3043
2490
1459
7852
7615
9884
5573
8380
7286
9601
2025
170
9296
9798
8952
9456
5943
5449
243
4232
6099
2984
2158
4465
698
1027
6064
3258
4452
7823
6451
6116
2096
6694
1254
4228
6245
3434
273
2791
5896
7145
1031
334
1731
14
8416
5559
8829
2019
6371
1056
8011
6665
5000
67
6159
4056
7409
9567
5389
7897
299
7032
1626
3593
1628
8908
5770
8459
1551
1502
3279
6486
4394
6606
1324
6156
9544
2512
8283
8844
7981
7928
8083
5954
7665
6679
9955
806
3302
1049
7172
7177
5545
7281
676
9389
9041
3928
4759
3314
2930
3599
7572
4649
5100
3507
2418
8235
2705
4571
8623
8751
7312
2339
8223
8275
3605
8430
4540
9955
7594
7317
2003
9027
8079
7514
896
5030
3130
8292
4573
1400
5621
8854
1505
3207
6634
4671
6329
833
8006
493
2832
2873
7201
7259
9940
5008
397
6792
6809
6213
5509
993
2006
1012
1728
7601
8489
7381
4215
5788
8882
2818
5866
8107
1322
506
2446
9146
7510
1717
6204
8558
6057
8842
4566
8645
205
1269
8198
6388
4770
7323
1226
7581
4183
8987
4589
3622
1013
8540
1375
6849
6594
6397
5241
4998
8192
1295
3970
9537
5414
5505
3846
5526
2813
2160
7456
28
2729
3839
8993
6818
5981
4747
6105
9216
9413
9258
9528
8704
3609
1842
7629
9462
9547
1364
4802
8309
1294
4718
2366
9176
5027
1651
5585
9793
4495
2594
1745
9147
1720
174
5811
9118
5995
6722
9854
3035
5726
7563
2716
4771
8008
4920
5178
977
5197
6780
2761
6727
6518
8129
3052
58
6761
3286
8654
4815
6403
3830
8225
627
6871
4533
9566
5075
7555
6509
8145
5498
9794
9296
7904
5474
396
7954
1922
7865
2479
4298
7541
9461
4786
5013
230
9804
9761
4571
9764
1488
7175
8657
6187
1238
8168
6216
1707
9092
3986
7258
8425
6107
104
3903
2998
35
9444
5226
708
3798
6338
1288
169
9295
8064
9322
27
4141
1422
2572
2055
1288
9307
3162
3721
2221
5100
5983
1818
3413
8572
1556
2189
9141
5685
3168
9702
1441
58
5032
8263
1434
8610
5752
8372
3069
4987
2824
455
2076
1878
4538
9741
9451
5247
3862
2913
2128
6756
9334
3123
642
5548
3858
186
3209
9694
8924
7546
296
5690
3982
8952
4097
3883
4211
5793
7753
4191
5708
6325
4493
4218
2819
2814
7841
8256
9103
7044
8274
8930
5318
3510
1713
5492
8177
4593
980
1712
3079
3142
8780
8468
8576
876
2251
5386
6629
2888
9224
8829
1284
3575
711
4351
3086
1508
1010
5159
1820
7405
3985
4765
3776
215
143
7015
2318
455
2990
142
8644
9582
9764
8461
4334
963
4039
9029
8044
3517
3452
3545
9683
4366
8452
3483
2851
6659
8282
703
8634
7373
2355
6068
5522
34
1161
1332
1043
4086
1629
4413
3080
6316
3936
5427
109
1410
1186
9555
347
3169
8302
4712
6747
3179
198
9186
1135
3502
1125
9065
9311
7189
4731
2930
7227
1096
5039
6794
3698
9161
9772
6709
4219
248
9431
5543
2557
9275
2067
2750
3406
8176
4591
6309
5072
1534
7690
2746
2178
273
4446
1202
8322
164
3618
4000
7150
2261
3205
6827
2356
8190
9025
7736
5353
7308
6314
3771
6354
9006
2298
6097
6356
5495
7755
634
1249
602
9671
7746
9724
9242
522
6683
3587
665
300
3994
2970
3569
1152
7814
1747
4326
518
1516
7642
2091
954
2215
7166
9200
4573
9672
8235
5567
5604
6739
7424
4524
2508
1780
3256
8316
1093
6637
3149
3537
2150
2940
3576
3238
1538
9374
3956
1668
1648
8901
601
3721
7859
1015
1444
7548
4445
1807
8769
9480
1436
9538
3229
4232
1386
5160
1134
8231
5763
3322
4795
4217
1486
7390
4036
5711
3003
5606
8588
1215
1135
9101
4158
6671
2482
8342
4217
8943
1678
9734
3766
2308
4822
2388
3095
444
8651
8567
9359
8220
3820
235
9932
862
6259
724
5588
3662
7093
2391
6102
8983
1089
8356
7208
2010
9890
7162
2143
1258
3311
5012
5411
6571
6678
5083
9203
1842
6377
4036
7245
4628
1843
3604
7246
263
3822
5415
9827
3645
8238
8890
2945
8699
5818
3946
5590
421
1757
4263
5620
3778
4439
4433
8749
1886
1491
5339
1909
8270
7661
7972
7121
2738
8417
5995
614
7933
6011
210
587
5694
7657
8714
365
2468
1319
4348
4516
6727
2955
1313
2427
2746
134
3620
3570
8396
169
2515
1611
9093
567
2833
2528
2617
9376
7634
4715
8817
6807
6612
9989
2912
5581
9519
4522
9708
991
7331
378
6703
2728
1843
2069
3793
1419
9274
5140
4811
4223
9061
7031
6004
6056
8173
5201
7618
7486
3503
8563
4761
3401
787
9557
1318
9985
8102
3943
4559
4137
506
173
132
9710
8179
7916
9901
5032
8285
2436
4471
3734
486
4938
1076
9633
5105
7373
5873
74
8672
410
7921
1411
3250
4473
7041
3716
695
8273
4204
7008
2487
9280
9311
1526
4304
59
8345
3522
7649
8375
3868
2476
8851
5769
5004
8563
1705
8120
4955
7925
1560
5313
1958
351
7079
7064
5357
709
5656
2280
2512
8722
2777
1546
7485
5572
7065
6502
4230
9686
7007
7553
1340
9416
9553
2785
7940
9068
756
9775
4793
7889
6422
6738
3906
6412
1822
6623
4964
1111
8201
3255
6180
4478
1743
3037
7971
3372
170
4531
5112
5026
7237
6495
5564
3710
2638
9218
4256
4420
5848
6798
6397
7831
8534
8162
1736
5492
1746
1096
9374
826
8534
2078
9856
1549
5151
9118
9033
3963
8100
6733
2205
6208
9085
7215
9484
2893
6375
6358
2480
6677
2402
9465
9352
5284
9673
7644
9949
1956
1312
4538
5120
7783
7335
2422
598
3591
1383
3613
9968
3006
5468
5100
2165
288
8345
8562
6179
2490
4312
6455
7089
2982
1296
2103
7787
3200
7302
4536
3507
811
803
5432
740
3730
5673
9954
5055
3554
8462
5015
9761
1429
6243
3976
4390
1115
1589
9792
4848
917
6159
2328
7054
261
1087
9302
8200
418
9877
6004
8724
7193
1835
9690
2082
1160
1761
2276
5920
3316
2754
1065
4869
3974
44
3727
8889
6065
4265
6160
6658
526
67
9712
8320
1319
3339
6174
1081
2956
1119
8291
412
3455
7717
8196
474
1002
5290
3093
3757
4016
66
364
8499
2096
5658
8524
9171
8152
3024
7253
201
789
2904
7367
4627
7239
1860
6019
5976
7368
9321
5176
8067
5696
3182
7502
5120
4965
1225
7124
761
1023
2662
4505
4843
6684
2136
2753
943
9018
8825
507
5213
6053
932
4114
4927
6944
8155
6266
8197
7014
6196
122
9387
8422
3196
7101
3618
4385
3308
6593
1412
1684
7609
6688
3720
4648
2923
4129
9506
3069
7431
3788
3780
3334
2643
8379
1733
2046
3441
8170
3204
956
9679
3510
8090
2310
7417
5172
372
2714
1213
4266
5126
2464
2612
2415
3849
6896
2824
1272
4047
1988
4370
2087
1426
6762
8328
2572
2397
1457
3204
5782
4227
1535
8365
9908
1651
8001
1143
883
7367
2373
3735
7006
5233
9937
5833
9327
7107
4925
1686
1645
4279
4058
5174
4863
8291
6831
8141
2577
2390
7616
6171
7665
5975
6160
5722
361
1315
3029
5558
6201
1775
4220
1957
7456
3105
4275
1067
6486
7167
7737
4061
5542
2402
9121
1689
146
3876
1547
5810
2632
7780
4056
5890
8904
8411
2516
8022
9501
389
8412
2907
6405
7480
6647
9468
7308
7608
7140
4292
689
2800
3686
8763
3606
588
7324
9407
8225
4006
5534
2433
5842
8194
918
2981
6419
1885
71
7312
8225
4808
9480
5705
5854
1368
4626
9958
9721
6482
1590
3992
2731
2954
4238
4408
2983
5356
1362
369
1019
7638
4220
5408
583
2081
5981
6331
8756
8136
9757
4422
2181
5709
5287
9292
2474
2454
4204
1877
5977
8347
8406
4950
3379
3845
7910
6416
5497
4310
6738
6581
4250
3299
9640
9551
8347
1439
1561
2874
2349
6843
9443
1762
9549
8458
663
3684
148
2097
5377
4625
4452
3478
9237
4231
6111
2571
9300
2608
7048
6607
2364
4763
2085
5862
1320
165
5928
4099
4816
5231
1745
5956
8585
6666
6744
5778
2689
1921
332
7059
6163
9234
2755
4134
4591
8036
2168
4318
8279
5567
5871
6854
8098
1613
5647
4539
1442
957
3194
4411
9697
4270
3647
9143
9757
6108
732
4735
7144
4053
6840
7319
2460
4250
6920
4731
151
4926
855
8180
5862
2529
6762
89
4774
3557
9818
5967
4516
1266
7871
3615
6550
7943
4420
5964
935
6700
3012
9903
7801
9704
9329
977
2775
6590
3769
3656
1185
8337
1577
6062
7592
4123
5243
8093
3762
2853
7020
7419
3994
9709
3838
4892
7516
9788
322
6549
8321
8170
9144
408
2013
4697
6800
8075
6080
3447
8245
4412
7861
9694
7464
7033
8909
8038
7127
8373
2190
1275
3517
946
8134
6625
7415
9184
2264
4214
5451
3187
6279
4764
2522
6793
738
2580
1382
4700
3022
7581
9669
5758
747
8178
2306
18
4298
987
2255
238
4023
9633
7449
9723
1731
5032
1434
5172
9512
3035
4512
9580
9875
636
594
4447
5359
1797
2628
219
1775
6247
7712
2253
5696
9489
7491
6685
4757
1397
5216
4101
4145
723
1483
2674
7102
8805
6212
4207
9394
6702
114
9671
7184
12
9010
3681
6856
1942
4770
8972
6741
6172
6791
9036
3607
7099
2268
5837
118
420
1267
3655
7282
2768
7174
6613
3594
7276
7798
988
7935
9941
1234
1479
9981
2400
5553
3696
4937
971
4473
1968
6138
4827
9105
5446
9562
3001
9248
1665
5441
9419
7697
1262
947
8453
2384
9259
5265
9135
7878
8674
9209
9938
4629
7329
7352
6252
1478
630
3690
4089
5720
5146
278
848
834
778
5833
6703
5901
343
2275
1593
1409
3616
2720
8645
4638
1356
3932
5927
5632
6589
7527
1090
2656
8608
5092
8184
1074
9979
3028
7271
4202
7088
6641
8153
2234
4637
8437
2219
7046
4731
4546
7419
4044
3739
6288
7999
135
4399
7792
3265
2893
6027
2545
2798
6703
8481
9545
7536
3371
3112
1397
7776
4581
3316
9898
4478
7229
515
3894
9542
1246
4759
841
5323
1796
5892
6008
1609
287
9065
3259
7965
2276
4977
3340
7002
8051
9637
1474
8016
985
9731
4216
3964
6757
2157
6559
8329
6897
8698
4783
6792
9782
7494
302
8244
617
7898
7624
7711
8136
8169
8196
8158
189
954
2806
335
6991
3171
8607
5760
3780
4439
6805
1621
1856
8734
4062
5629
7701
6590
249
6843
4790
804
1751
1755
9277
6894
8026
4090
9662
9806
5199
1404
9140
6414
9429
3352
4120
399
2906
2384
8589
3986
3549
648
2450
6351
7672
29
6781
4680
5315
7216
6797
2471
5361
173
989
8246
1154
3705
8115
2943
5201
3188
187
198
8828
3382
5667
9989
4412
7048
8493
9133
988
4530
3595
5987
4966
2393
2504
5754
8802
2935
926
295
9688
8967
1287
1636
4526
1354
1665
4713
3282
772
9416
9961
6390
1788
8894
7021
2480
2504
2909
1956
1946
738
3858
24
3897
9223
5798
9699
1141
3654
6175
6579
4367
8329
2400
808
5080
9566
404
6549
7388
4248
3508
1150
9685
9591
1527
4685
931
5906
9324
901
8275
737
1388
937
3187
6574
9856
5270
9706
5344
8093
2023
8730
5116
8047
4161
2478
2937
341
3546
1345
8781
3554
2783
3495
1189
1269
4755
588
1524
592
6563
7801
6707
498
527
5285
7079
3276
4285
5643
6244
8224
317
1353
7041
7384
8505
8547
604
8320
6889
2436
2978
1636
8700
7833
7497
927
6531
5226
5052
2284
3625
953
511
1703
4117
3186
6723
9480
1718
854
3688
5349
8993
7598
996
7797
2062
8942
7680
3942
3193
3204
2103
2505
4049
5946
9282
5701
7142
7508
5073
2438
4576
531
4123
1763
1068
7195
1048
2172
6129
9079
9964
9322
7300
4424
9952
2092
9565
4107
9080
9241
4819
5725
3256
6420
1455
2622
1507
9257
1394
476
7197
7701
6965
642
9656
5597
7136
829
4198
3397
9146
8221
2142
6142
7672
4773
5062
4535
4017
1374
5952
6434
7599
4353
7487
4504
5040
7809
7850
6201
6140
9531
600
3444
3996
7706
2426
3966
7843
6657
9561
5556
7384
2009
2572
1436
8977
7634
2101
7623
1032
4285
7678
5529
2715
8785
9120
1524
457
8402
9925
5933
5222
5753
9336
4445
9730
3788
4686
2014
1606
4431
9579
2851
6575
1321
703
5678
6015
4535
9948
6118
3524
9370
9650
3664
3887
8252
8335
3845
9090
4803
8814
8154
6325
247
7127
1701
1823
6236
9749
4076
9681
4428
8662
7196
8138
5930
2909
4668
218
4862
3985
3895
9543
1167
781
637
1314
9196
978
9557
1953
417
4409
5069
1574
3517
6907
3990
4680
7509
9435
4611
1086
1483
9016
1476
2704
1670
540
2312
4013
6030
6194
5972
395
514
1041
7246
1500
6157
1613
3204
901
4850
3395
3096
2638
5871
9623
7137
5911
5541
4499
1218
2289
5317
4826
420
2915
4339
652
3333
8481
8811
7597
189
8803
4259
3468
9248
9577
6158
5901
2741
3234
4775
4028
6011
7485
3348
2033
9105
2691
4292
2618
4778
8144
486
3019
9341
2112
3786
2378
5707
5170
1690
8980
8812
4200
7661
8803
5200
2279
4200
2040
8964
8349
87
7403
8675
4309
5755
5315
136
8264
600
960
7526
778
2608
8715
3156
2852
3649
3319
8782
8112
9357
6537
5047
1152
5617
5680
1511
232
2763
956
5567
7777
890
3428
1637
3366
3395
5305
3463
8350
4956
8894
5576
5514
3723
2515
7422
5503
9194
9477
3773
9930
9172
52
3141
1305
1335
8172
8200
7232
1917
4553
2240
5190
5036
6450
6876
6556
80
7256
1072
7689
6425
594
7279
7874
4429
8794
757
1412
3965
8388
1530
5556
1748
2830
792
7910
8499
3084
3461
4097
9193
4796
4674
2383
8574
7682
6516
168
2239
1661
6364
3329
980
4055
7639
8181
1473
7929
5592
2467
1880
8382
5277
3198
8995
8919
930
3849
966
7258
9424
2656
9051
4531
3417
9984
989
8354
1604
4796
4820
930
7624
7548
7151
2672
2214
4065
5804
2705
6576
1019
2376
4775
3284
9185
7321
6255
5786
3329
5366
6201
7304
6417
9454
1783
9644
6271
8105
169
4419
4817
6955
1369
6306
6441
1928
3215
241
4256
3983
6540
9467
415
9925
6371
2828
3300
2010
6078
1412
1247
7572
1654
4761
2441
8034
7889
3956
9084
9718
9649
9790
2888
1825
701
5615
9206
799
38
2517
1849
3726
1677
1339
9565
6102
482
3025
5819
2507
1955
3414
2054
5241
1558
5796
5143
1696
697
9490
5341
4949
4541
3596
6084
8371
9862
4918
5713
6474
2032
9557
1525
1224
8672
2867
6552
4923
2993
4195
3470
993
824
9467
6791
4719
6300
3956
4982
4739
6840
155
2626
7575
9860
1355
2890
6148
7201
8695
6904
2820
4207
1864
9338
2088
2693
4009
7839
3417
8536
1925
2921
5583
8966
8303
2786
4597
27
6981
146
984
3323
4754
980
109
4981
4002
4989
7822
4267
6571
7658
2717
5701
4710
193
7743
2687
1775
1281
4394
4635
1333
2102
9418
1016
5460
9945
3566
9800
9520
8372
3847
7615
9405
8860
1577
7722
7425
4091
6917
3001
3139
5663
73
3493
9205
9475
9123
8944
8783
9980
9168
8605
9702
652
9629
211
9763
2871
8660
4017
4114
8616
3582
9207
4774
8281
9813
1048
2859
4623
4783
6613
1523
644
9987
7795
1058
5473
44
7216
1261
2036
8830
528
2489
5023
7509
3277
4414
3238
3038
6571
7087
4426
3556
2271
2660
4623
2198
3089
1599
1973
7550
3941
8823
5373
6743
3654
7750
9174
1553
5952
5167
6959
6484
3717
845
5373
84
8647
6713
1167
6258
8192
3279
327
8932
4522
584
8806
9319
3466
6346
837
8088
3820
5811
1278
4702
3216
5447
7957
3308
3271
5489
3238
1750
6517
8860
2876
2375
6707
3474
7931
7248
8787
7198
1501
1737
3526
6735
7792
3932
8179
3703
9620
5326
852
2732
9486
7525
5223
4384
4072
1235
5973
5761
6239
5179
6338
3334
1981
2151
1220
3993
8674
844
5868
7263
5401
3648
9706
8226
6939
3901
6610
2788
201
7521
115
4117
1738
6637
6242
9227
5418
1653
943
8087
5670
5428
1859
5909
7844
5859
2288
1877
2787
8038
9825
1200
7731
9851
1037
7566
4368
957
6036
8677
7979
6057
1679
9138
1476
2753
3870
5776
553
4843
3844
2381
7628
2166
9051
5657
8702
2315
6309
9673
3785
873
2104
300
7200
112
704
348
9260
3434
3494
9877
4645
6333
8309
2033
4293
7155
4271
7445
2385
7737
3880
1868
3549
5420
5369
1880
1833
3892
7396
5531
8947
537
4410
3817
3057
5151
186
8559
654
6398
986
9548
7550
2873
5569
5991
1159
2371
1184
4344
4454
1820
6921
4128
5317
7482
3010
6331
3393
4962
4795
3737
5280
6368
2977
73
7727
1765
5811
5557
2196
8928
3791
3916
8630
6271
9348
4457
7330
4682
8751
567
3811
6464
5203
8410
450
9173
9841
927
2403
2531
4918
8289
9991
730
693
5100
6416
8554
5983
6212
2703
8784
2123
7101
4691
8018
1049
637
1949
1856
4747
1480
7551
1171
3300
62
5023
9165
3072
117
7537
6261
8307
6684
2039
7435
2130
6419
9208
9330
2962
4484
4273
4739
130
4153
9325
1407
7535
5999
2252
3728
4458
4975
8042
7466
4348
3319
3503
2417
8991
1913
4899
7536
1212
4146
7107
5486
5431
8533
5394
2380
1068
7176
4042
5778
7160
6812
4104
6088
4059
6989
6381
2237
4458
9056
1806
7047
9376
7550
1573
6403
8631
5167
1756
8415
4744
4830
1582
9524
5010
4118
2378
1645
5274
1514
5642
9560
1644
8573
5072
5532
1379
2823
7634
7994
9129
5477
9183
8018
5868
3431
108
3816
4245
2328
4437
5954
4430
8798
5191
3000
2114
7440
6304
7942
3559
2007
6410
3000
9869
1394
9596
1876
2182
7307
5742
4715
3396
2369
5055
1589
7282
9411
4745
8867
2709
1623
3763
9587
3646
9130
8982
4317
2534
8718
7272
6338
2800
1129
9533
5760
9481
8528
1108
5195
6448
5933
9576
3347
2961
6593
853
9480
4976
1284
6083
8989
2979
3133
403
5966
2204
1060
5641
3103
3761
5472
444
4072
7939
9853
8279
131
2628
105
5272
732
6627
1732
3223
8815
8601
7173
4468
6033
8488
6215
8655
8565
5657
2711
5167
8432
6172
3928
8293
1546
9287
4296
5468
6207
8863
4607
8331
1157
2731
6895
7231
6310
1248
644
7152
6967
3279
4273
6185
4673
3973
3112
8935
7539
5599
8212
2900
3447
5497
9380
4835
594
1847
2218
9146
3419
34
5655
2711
4208
5163
8419
2341
7196
7255
4015
1173
5714
9068
6590
4614
4356
3102
2633
1054
7312
8215
6220
9719
