2
8
9
11
12
13
14
14
15
18
19
21
23
23
23
23
23
24
25
26
27
27
28
29
31
31
32
33
34
34
34
34
35
36
38
38
39
40
40
41
42
44
44
44
45
45
47
47
48
49
50
51
52
53
55
57
58
58
59
60
62
62
62
63
63
65
66
67
67
67
69
69
70
70
70
71
72
73
73
73
74
75
75
76
76
78
79
80
81
81
82
84
84
86
86
87
87
87
87
87
87
89
89
89
91
93
94
94
94
95
97
98
98
101
101
102
104
105
105
107
108
109
109
112
112
113
113
114
114
115
117
118
119
120
120
121
122
123
123
123
123
126
129
130
130
130
131
132
132
133
134
134
134
134
134
135
136
142
143
146
146
146
146
147
148
149
151
151
154
154
155
155
156
156
156
156
157
157
158
158
160
161
162
164
165
165
168
168
169
169
169
169
169
170
170
170
170
172
172
173
173
174
175
176
177
178
178
179
183
183
183
184
185
186
186
186
186
187
187
187
189
189
190
190
190
190
191
192
193
194
195
196
197
198
198
200
201
201
201
204
205
205
206
207
207
208
210
210
211
211
215
218
219
219
220
222
223
223
225
227
229
229
229
230
230
231
231
232
233
234
235
236
236
237
237
238
238
240
240
241
242
242
243
244
246
247
247
248
249
249
249
249
251
252
257
259
259
260
261
263
264
264
265
266
266
270
271
273
273
273
273
274
275
275
275
276
276
277
278
278
281
281
281
281
282
283
284
286
287
287
288
289
290
291
292
295
296
296
297
297
299
299
300
300
302
302
308
309
310
311
313
315
317
317
322
326
327
327
328
329
330
330
330
331
331
332
334
334
334
335
339
340
340
341
341
341
342
342
343
343
343
344
347
348
349
351
354
360
361
363
364
365
369
369
369
370
370
371
371
372
373
375
377
378
378
380
381
381
383
383
386
388
389
389
391
391
392
394
395
395
396
397
397
398
399
400
401
401
402
402
403
403
404
405
406
407
408
409
409
410
412
413
415
417
418
419
420
420
421
421
423
424
425
427
430
431
432
434
435
435
437
441
441
444
444
444
445
446
450
455
455
455
457
457
464
466
466
469
470
473
474
474
476
477
480
482
482
482
482
485
486
486
488
493
493
494
494
496
498
499
499
499
499
501
504
506
506
507
508
509
511
514
514
515
516
518
520
522
522
522
524
524
526
527
527
528
530
531
537
538
540
542
545
547
550
550
551
552
553
553
554
556
557
561
561
562
564
565
565
565
566
567
567
570
570
570
572
573
575
575
576
577
578
578
578
579
581
581
582
582
583
584
584
584
585
587
588
588
588
589
592
593
594
594
594
595
597
598
600
600
600
601
601
601
601
602
603
603
604
604
605
607
607
608
608
611
612
613
614
614
614
617
620
621
624
624
627
628
628
630
630
632
633
634
634
636
637
637
637
639
640
640
642
642
642
644
644
645
645
645
646
646
647
648
648
648
648
648
651
652
652
653
654
656
657
659
663
664
664
664
665
666
668
668
668
669
669
670
673
674
675
676
677
677
677
677
677
681
681
684
684
684
685
689
690
690
691
691
693
694
695
695
696
696
697
698
700
701
701
701
701
701
702
703
703
703
704
704
704
705
706
708
709
709
709
711
711
713
714
714
714
715
717
721
723
724
724
726
726
727
729
730
730
730
730
732
732
737
737
737
738
738
738
738
739
740
740
742
742
747
747
749
749
751
756
756
757
757
758
759
759
760
760
761
761
762
762
762
763
764
767
770
772
772
775
776
777
777
778
778
778
780
781
783
784
786
787
787
789
789
790
792
792
792
795
796
797
798
799
801
801
803
804
804
805
805
805
806
807
807
808
809
810
811
812
813
816
816
818
819
819
820
820
821
821
821
822
823
824
826
829
831
832
832
833
833
834
834
834
835
836
837
837
838
839
840
841
841
842
844
845
845
847
848
849
850
850
852
852
853
853
854
855
855
855
856
857
858
860
860
860
861
862
863
864
865
866
868
868
868
868
869
870
871
871
873
875
876
877
878
878
878
878
879
881
882
882
883
884
884
890
890
893
894
895
896
896
897
897
899
900
901
901
903
903
904
907
907
909
910
912
912
913
914
914
916
916
917
917
918
919
919
920
920
921
921
921
921
922
922
923
924
926
926
927
927
928
929
930
930
930
930
931
932
933
933
935
935
935
936
937
938
939
940
943
943
943
946
946
946
947
951
952
953
954
954
956
956
956
957
957
957
957
957
960
961
963
965
966
966
966
967
969
970
971
972
973
976
977
977
977
978
978
980
980
980
983
984
985
985
986
987
988
988
989
989
991
991
992
993
993
993
995
996
999
1000
1001
1002
1002
1005
1006
1007
1009
1010
1011
1012
1013
1014
1015
1016
1017
1017
1019
1019
1019
1020
1020
1021
1023
1023
1023
1025
1026
1026
1027
1027
1028
1029
1031
1032
1033
1034
1037
1038
1039
1040
1041
1043
1043
1045
1046
1048
1048
1049
1049
1050
1050
1053
1054
1054
1054
1054
1054
1054
1056
1057
1058
1059
1060
1061
1061
1062
1064
1064
1065
1066
1066
1067
1068
1068
1068
1069
1070
1071
1071
1072
1074
1076
1076
1076
1077
1078
1078
1081
1081
1083
1085
1086
1087
1089
1090
1090
1091
1092
1093
1095
1096
1096
1096
1097
1097
1097
1100
1108
1109
1110
1111
1112
1112
1114
1115
1115
1117
1118
1118
1119
1119
1119
1125
1125
1126
1127
1129
1130
1130
1134
1134
1135
1135
1135
1137
1138
1138
1139
1140
1141
1142
1143
1143
1146
1150
1150
1151
1151
1151
1152
1152
1152
1152
1153
1154
1157
1157
1157
1158
1158
1159
1160
1160
1161
1161
1163
1163
1165
1167
1167
1168
1171
1173
1174
1176
1178
1178
1179
1179
1181
1184
1184
1185
1185
1185
1186
1187
1187
1188
1188
1188
1189
1190
1199
1200
1202
1203
1204
1204
1206
1207
1208
1209
1210
1210
1211
1212
1212
1213
1213
1214
1214
1215
1216
1218
1219
1219
1220
1220
1223
1224
1225
1225
1226
1226
1226
1226
1230
1231
1232
1233
1233
1234
1234
1235
1235
1235
1237
1238
1238
1238
1239
1240
1241
1243
1246
1246
1246
1247
1248
1248
1249
1250
1253
1253
1253
1254
1258
1258
1258
1258
1260
1261
1262
1265
1266
1267
1267
1269
1269
1270
1271
1271
1272
1272
1275
1275
1276
1277
1278
1280
1280
1281
1281
1282
1282
1283
1283
1284
1284
1286
1287
1287
1287
1288
1288
1292
1293
1293
1294
1294
1295
1296
1296
1300
1304
1304
1305
1307
1310
1310
1310
1312
1312
1313
1314
1315
1315
1315
1315
1316
1317
1318
1319
1319
1320
1321
1322
1322
1324
1325
1326
1327
1330
1330
1331
1331
1332
1333
1334
1334
1335
1337
1339
1339
1340
1340
1341
1341
1341
1343
1344
1344
1345
1345
1345
1347
1347
1347
1348
1349
1350
1351
1353
1353
1354
1355
1355
1355
1356
1358
1360
1362
1363
1364
1364
1367
1367
1367
1368
1368
1369
1372
1372
1374
1374
1374
1375
1375
1377
1378
1379
1382
1382
1382
1382
1383
1384
1386
1386
1386
1388
1389
1389
1392
1392
1393
1394
1394
1397
1397
1397
1398
1400
1404
1405
1405
1406
1407
1408
1409
1409
1409
1410
1410
1410
1411
1412
1412
1412
1412
1412
1412
1414
1414
1415
1417
1419
1419
1420
1421
1422
1425
1425
1426
1426
1427
1427
1428
1429
1430
1431
1433
1434
1434
1435
1436
1436
1437
1438
1439
1440
1441
1442
1442
1444
1444
1444
1445
1446
1446
1448
1448
1450
1453
1453
1454
1455
1455
1455
1455
1456
1457
1457
1458
1458
1459
1459
1462
1462
1463
1464
1465
1466
1472
1473
1473
1474
1474
1476
1476
1477
1478
1478
1479
1479
1479
1480
1481
1483
1483
1483
1484
1485
1486
1486
1488
1488
1490
1490
1491
1492
1492
1492
1493
1495
1497
1500
1500
1500
1501
1502
1504
1505
1505
1507
1508
1508
1511
1511
1514
1516
1516
1516
1517
1517
1522
1523
1524
1524
1525
1525
1525
1526
1526
1527
1528
1529
1530
1534
1535
1535
1536
1536
1537
1537
1538
1538
1539
1540
1541
1541
1541
1544
1545
1546
1546
1546
1546
1547
1548
1549
1549
1549
1549
1550
1550
1551
1551
1552
1552
1552
1553
1553
1553
1553
1555
1556
1556
1558
1560
1561
1561
1561
1562
1566
1566
1570
1573
1573
1574
1575
1577
1577
1577
1578
1579
1580
1582
1583
1585
1587
1589
1589
1590
1590
1590
1592
1593
1594
1599
1599
1601
1602
1602
1602
1603
1604
1604
1604
1606
1606
1609
1610
1611
1613
1613
1613
1614
1617
1619
1621
1623
1623
1623
1624
1626
1627
1627
1627
1628
1629
1630
1630
1631
1633
1634
1635
1636
1636
1636
1636
1636
1637
1641
1644
1644
1645
1645
1645
1645
1646
1646
1647
1648
1649
1651
1651
1651
1652
1653
1653
1654
1658
1659
1661
1662
1665
1665
1665
1666
1666
1668
1668
1668
1668
1669
1670
1672
1672
1673
1675
1676
1677
1678
1678
1679
1679
1684
1684
1685
1686
1689
1690
1695
1695
1696
1696
1697
1699
1699
1700
1701
1701
1702
1703
1705
1707
1709
1709
1709
1712
1712
1713
1713
1713
1715
1715
1717
1717
1718
1718
1719
1720
1720
1721
1722
1722
1722
1725
1726
1728
1728
1730
1731
1731
1731
1731
1732
1732
1733
1734
1734
1734
1734
1734
1735
1735
1736
1736
1737
1738
1742
1743
1743
1744
1745
1745
1746
1747
1748
1748
1749
1750
1750
1751
1751
1752
1754
1754
1754
1754
1755
1756
1757
1757
1757
1759
1759
1760
1760
1760
1761
1761
1762
1762
1762
1763
1765
1765
1766
1770
1773
1774
1774
1775
1775
1775
1777
1780
1782
1783
1784
1787
1788
1788
1788
1795
1795
1795
1796
1797
1797
1798
1799
1800
1800
1802
1802
1806
1806
1806
1806
1807
1807
1807
1807
1809
1816
1816
1816
1817
1818
1818
1819
1819
1820
1820
1820
1821
1821
1822
1822
1823
1823
1823
1825
1828
1829
1832
1832
1833
1833
1835
1836
1836
1837
1837
1837
1839
1842
1842
1843
1843
1843
1847
1849
1849
1849
1850
1852
1853
1854
1854
1855
1856
1856
1859
1859
1860
1862
1863
1863
1864
1866
1868
1868
1869
1869
1870
1870
1870
1872
1874
1874
1874
1875
1876
1877
1877
1878
1878
1878
1880
1880
1880
1880
1881
1883
1884
1885
1886
1886
1886
1890
1890
1891
1891
1892
1892
1896
1898
1902
1903
1905
1906
1907
1909
1910
1912
1913
1913
1914
1916
1917
1918
1920
1921
1922
1925
1926
1927
1928
1928
1932
1933
1933
1936
1936
1936
1937
1940
1940
1942
1943
1943
1944
1945
1945
1946
1946
1948
1949
1951
1952
1953
1955
1955
1956
1956
1957
1958
1958
1961
1962
1962
1964
1965
1968
1970
1973
1974
1977
1980
1980
1981
1983
1984
1986
1987
1987
1988
1993
1994
1998
1998
1999
1999
2002
2002
2003
2003
2004
2004
2006
2007
2007
2007
2009
2009
2010
2010
2011
2011
2012
2013
2013
2014
2015
2016
2017
2019
2021
2023
2023
2023
2025
2027
2027
2028
2029
2032
2032
2032
2033
2033
2033
2033
2036
2038
2038
2039
2039
2040
2040
2040
2041
2042
2043
2045
2045
2046
2050
2051
2053
2054
2054
2055
2055
2055
2055
2057
2058
2058
2061
2062
2064
2065
2065
2067
2067
2069
2070
2070
2071
2072
2073
2073
2076
2078
2078
2079
2081
2081
2081
2082
2084
2085
2087
2088
2091
2092
2096
2096
2097
2101
2101
2102
2102
2103
2103
2104
2105
2105
2106
2108
2112
2114
2117
2121
2122
2123
2124
2125
2126
2127
2127
2128
2128
2128
2129
2130
2130
2133
2136
2136
2136
2141
2142
2143
2145
2147
2148
2149
2150
2151
2152
2153
2153
2157
2158
2158
2159
2160
2162
2163
2165
2165
2166
2166
2166
2167
2168
2168
2172
2174
2175
2178
2178
2178
2179
2181
2182
2182
2186
2188
2189
2190
2190
2190
2190
2191
2191
2193
2193
2194
2195
2196
2196
2197
2198
2203
2204
2204
2205
2205
2206
2206
2206
2207
2207
2208
2211
2212
2214
2214
2215
2215
2218
2219
2220
2221
2224
2224
2228
2231
2231
2233
2234
2234
2234
2235
2236
2237
2237
2237
2239
2239
2240
2240
2241
2241
2242
2243
2244
2247
2248
2249
2250
2251
2251
2252
2253
2254
2255
2257
2259
2260
2261
2261
2264
2264
2265
2266
2268
2268
2268
2268
2269
2270
2271
2273
2274
2274
2274
2275
2276
2276
2276
2276
2276
2279
2279
2280
2282
2283
2284
2286
2288
2289
2289
2289
2290
2292
2294
2297
2298
2300
2304
2306
2307
2308
2310
2310
2312
2314
2315
2316
2316
2317
2318
2319
2324
2328
2328
2328
2328
2328
2329
2330
2332
2333
2335
2337
2339
2341
2341
2342
2342
2342
2348
2349
2349
2350
2351
2352
2353
2354
2355
2356
2356
2356
2356
2359
2359
2359
2360
2360
2361
2364
2364
2364
2366
2366
2368
2368
2369
2369
2370
2371
2371
2373
2375
2375
2376
2376
2376
2378
2378
2378
2379
2380
2381
2383
2384
2384
2385
2385
2386
2387
2388
2388
2388
2389
2389
2390
2391
2392
2393
2394
2395
2397
2397
2398
2399
2399
2399
2399
2400
2400
2401
2402
2402
2402
2403
2403
2403
2405
2406
2407
2409
2412
2413
2413
2415
2415
2416
2417
2417
2417
2418
2418
2418
2419
2421
2421
2422
2422
2423
2425
2425
2426
2426
2427
2427
2428
2428
2430
2431
2431
2432
2433
2433
2434
2434
2436
2436
2436
2437
2437
2438
2438
2440
2441
2441
2442
2444
2444
2446
2448
2450
2450
2450
2451
2452
2454
2455
2455
2456
2457
2458
2460
2460
2462
2464
2467
2467
2468
2468
2470
2470
2471
2473
2474
2476
2476
2476
2477
2478
2478
2479
2480
2480
2480
2480
2482
2482
2484
2486
2486
2487
2489
2490
2490
2494
2495
2495
2497
2497
2498
2500
2501
2501
2501
2504
2504
2505
2505
2507
2508
2508
2508
2510
2510
2510
2511
2512
2512
2513
2513
2514
2514
2515
2515
2515
2515
2516
2516
2517
2518
2519
2520
2521
2522
2522
2523
2524
2525
2526
2526
2528
2529
2529
2530
2531
2531
2532
2534
2534
2534
2534
2536
2536
2538
2540
2542
2542
2543
2543
2544
2544
2545
2545
2546
2548
2549
2550
2550
2550
2551
2553
2553
2554
2555
2557
2559
2561
2561
2563
2564
2567
2568
2569
2571
2572
2572
2572
2575
2577
2577
2580
2580
2580
2581
2581
2582
2583
2586
2586
2587
2587
2588
2589
2590
2592
2593
2593
2593
2593
2594
2598
2599
2602
2602
2602
2602
2603
2605
2605
2608
2608
2609
2611
2612
2614
2614
2615
2617
2618
2618
2618
2619
2619
2620
2622
2622
2622
2623
2625
2625
2626
2626
2627
2628
2628
2629
2631
2632
2632
2633
2636
2638
2638
2638
2638
2640
2642
2642
2643
2644
2645
2645
2646
2649
2649
2651
2652
2653
2656
2656
2659
2660
2662
2663
2665
2666
2666
2669
2670
2670
2672
2672
2674
2674
2674
2675
2676
2677
2679
2681
2682
2683
2684
2685
2685
2686
2687
2687
2688
2689
2690
2691
2691
2691
2692
2693
2694
2695
2695
2695
2696
2698
2700
2701
2701
2702
2703
2704
2705
2705
2705
2706
2708
2708
2709
2711
2711
2712
2714
2714
2714
2715
2716
2716
2716
2717
2717
2718
2719
2719
2720
2720
2720
2720
2721
2725
2725
2726
2727
2728
2729
2729
2729
2730
2731
2731
2731
2732
2738
2739
2739
2739
2740
2740
2741
2742
2742
2744
2745
2745
2745
2746
2746
2747
2748
2749
2749
2750
2752
2753
2753
2754
2755
2758
2759
2759
2760
2761
2761
2761
2762
2762
2763
2765
2768
2768
2773
2774
2775
2775
2777
2777
2782
2782
2783
2785
2785
2785
2786
2786
2786
2787
2787
2787
2788
2791
2792
2792
2794
2795
2796
2798
2799
2800
2800
2803
2805
2806
2808
2809
2813
2814
2816
2817
2817
2818
2819
2819
2819
2820
2822
2823
2824
2824
2825
2825
2826
2828
2828
2830
2831
2832
2832
2832
2833
2834
2835
2836
2837
2838
2840
2840
2841
2844
2846
2846
2846
2847
2848
2849
2849
2849
2849
2851
2851
2852
2853
2854
2855
2855
2856
2856
2857
2859
2859
2862
2863
2863
2863
2866
2866
2867
2870
2871
2872
2873
2873
2873
2873
2874
2874
2875
2876
2877
2877
2878
2883
2884
2884
2886
2887
2888
2888
2889
2890
2890
2890
2893
2893
2893
2893
2896
2896
2900
2900
2901
2901
2904
2904
2905
2906
2906
2906
2907
2907
2907
2908
2908
2909
2909
2910
2911
2912
2913
2915
2916
2916
2917
2919
2919
2919
2921
2921
2921
2921
2923
2925
2927
2928
2930
2930
2930
2931
2932
2934
2935
2936
2936
2937
2937
2939
2939
2940
2941
2941
2942
2943
2944
2945
2951
2952
2954
2955
2956
2956
2957
2960
2960
2960
2961
2961
2962
2964
2968
2968
2970
2970
2977
2977
2978
2979
2979
2979
2979
2980
2981
2982
2983
2984
2984
2984
2985
2986
2986
2990
2991
2991
2992
2992
2993
2994
2994
2994
2995
2998
3000
3000
3001
3001
3002
3003
3005
3006
3007
3007
3008
3010
3011
3011
3011
3012
3016
3016
3017
3017
3019
3020
3022
3022
3022
3023
3024
3024
3025
3026
3028
3028
3028
3029
3029
3031
3032
3032
3033
3034
3035
3035
3035
3035
3035
3036
3036
3037
3038
3038
3039
3040
3041
3042
3043
3044
3044
3045
3047
3052
3053
3053
3053
3057
3061
3061
3062
3065
3065
3066
3067
3067
3068
3069
3069
3071
3071
3072
3072
3077
3078
3079
3079
3079
3080
3080
3081
3081
3082
3084
3085
3086
3088
3089
3090
3091
3091
3093
3093
3095
3095
3095
3096
3096
3097
3098
3100
3102
3102
3102
3103
3103
3103
3104
3105
3105
3106
3108
3109
3111
3112
3112
3112
3113
3113
3115
3115
3123
3124
3130
3132
3133
3134
3137
3137
3138
3138
3139
3139
3140
3140
3141
3141
3141
3141
3142
3143
3143
3145
3149
3152
3154
3154
3154
3155
3155
3155
3156
3159
3159
3160
3160
3162
3165
3166
3168
3168
3168
3169
3169
3171
3175
3177
3179
3179
3180
3181
3182
3185
3186
3187
3187
3188
3188
3188
3193
3194
3194
3194
3196
3198
3200
3200
3202
3203
3204
3204
3204
3204
3204
3204
3205
3207
3208
3209
3209
3209
3210
3211
3212
3213
3214
3215
3215
3216
3217
3220
3220
3223
3224
3225
3226
3229
3230
3234
3235
3238
3238
3238
3240
3241
3242
3242
3242
3243
3244
3247
3248
3249
3250
3251
3252
3253
3254
3254
3255
3256
3256
3258
3259
3260
3262
3264
3265
3265
3265
3266
3267
3269
3271
3274
3276
3277
3277
3277
3279
3279
3279
3281
3281
3282
3284
3286
3292
3292
3292
3293
3293
3295
3297
3298
3299
3299
3300
3300
3302
3303
3305
3306
3308
3308
3310
3311
3312
3314
3316
3316
3317
3318
3319
3319
3319
3320
3321
3321
3322
3323
3327
3328
3329
3329
3329
3329
3330
3331
3333
3333
3333
3333
3333
3334
3334
3334
3335
3338
3338
3339
3340
3346
3346
3347
3347
3347
3347
3348
3348
3349
3349
3350
3350
3352
3352
3356
3358
3361
3361
3366
3370
3370
3371
3371
3372
3374
3374
3374
3374
3377
3379
3379
3379
3379
3380
3380
3382
3382
3383
3383
3383
3383
3384
3384
3389
3389
3390
3390
3391
3392
3392
3393
3394
3395
3395
3396
3396
3396
3397
3400
3400
3401
3401
3403
3404
3406
3406
3407
3408
3410
3410
3411
3412
3413
3414
3414
3417
3417
3417
3419
3421
3422
3423
3425
3427
3428
3429
3430
3431
3434
3434
3435
3435
3437
3438
3439
3439
3440
3441
3441
3444
3444
3445
3447
3447
3447
3448
3449
3449
3450
3450
3452
3453
3455
3461
3463
3465
3466
3466
3466
3467
3467
3468
3469
3470
3470
3472
3473
3473
3474
3474
3474
3478
3480
3480
3483
3484
3486
3486
3488
3488
3489
3489
3490
3491
3493
3494
3494
3495
3495
3496
3502
3503
3503
3503
3505
3506
3507
3507
3508
3510
3510
3510
3512
3514
3515
3516
3517
3517
3517
3517
3519
3521
3521
3522
3522
3523
3524
3524
3524
3526
3528
3530
3531
3531
3533
3533
3537
3539
3540
3542
3543
3545
3545
3545
3546
3546
3547
3547
3549
3549
3549
3550
3552
3552
3554
3554
3556
3557
3557
3558
3559
3562
3566
3566
3566
3567
3568
3568
3568
3569
3570
3570
3570
3571
3574
3575
3575
3575
3576
3576
3576
3577
3578
3582
3583
3586
3586
3587
3588
3591
3591
3592
3592
3593
3594
3595
3596
3596
3596
3597
3599
3599
3599
3600
3601
3601
3602
3604
3605
3605
3606
3606
3607
3607
3607
3608
3609
3613
3613
3615
3615
3616
3617
3618
3618
3618
3620
3620
3621
3621
3622
3625
3625
3625
3626
3626
3630
3630
3634
3634
3634
3635
3635
3637
3637
3641
3643
3644
3645
3645
3646
3647
3648
3649
3649
3653
3654
3654
3654
3655
3656
3661
3662
3664
3665
3666
3667
3668
3669
3669
3673
3675
3675
3675
3676
3678
3681
3683
3683
3684
3684
3686
3686
3688
3689
3689
3689
3690
3694
3695
3696
3696
3697
3698
3698
3699
3699
3700
3703
3703
3703
3703
3704
3705
3705
3707
3709
3710
3710
3711
3713
3713
3713
3714
3716
3717
3718
3720
3721
3721
3721
3723
3724
3725
3726
3726
3726
3726
3727
3727
3728
3730
3731
3734
3734
3734
3734
3735
3736
3736
3736
3737
3738
3738
3739
3739
3740
3741
3743
3745
3750
3751
3753
3755
3755
3755
3756
3756
3756
3756
3757
3758
3761
3761
3762
3763
3763
3764
3764
3766
3766
3769
3771
3771
3773
3775
3776
3776
3776
3776
3778
3780
3780
3780
3781
3783
3785
3786
3786
3788
3788
3789
3789
3791
3792
3792
3793
3793
3794
3795
3796
3798
3802
3803
3804
3808
3808
3810
3811
3812
3812
3815
3816
3816
3816
3817
3817
3820
3820
3822
3822
3823
3823
3824
3824
3825
3826
3827
3828
3830
3832
3836
3837
3838
3838
3838
3839
3840
3841
3841
3842
3843
3843
3843
3843
3844
3844
3845
3845
3846
3846
3846
3847
3847
3849
3849
3852
3852
3855
3856
3858
3858
3859
3862
3864
3866
3866
3867
3868
3868
3870
3870
3871
3874
3876
3876
3876
3879
3880
3881
3882
3883
3883
3883
3884
3886
3887
3889
3889
3890
3891
3892
3892
3893
3894
3895
3895
3897
3900
3901
3901
3903
3904
3906
3910
3911
3912
3913
3913
3914
3915
3916
3918
3918
3918
3918
3919
3920
3924
3924
3925
3927
3927
3927
3928
3928
3930
3932
3932
3932
3936
3940
3940
3941
3942
3943
3943
3944
3945
3946
3946
3946
3946
3947
3948
3951
3955
3956
3956
3956
3959
3961
3961
3961
3962
3963
3964
3965
3966
3968
3969
3970
3970
3970
3971
3973
3974
3976
3977
3979
3981
3981
3982
3982
3983
3983
3985
3985
3986
3986
3988
3989
3990
3990
3992
3993
3993
3993
3994
3994
3994
3996
3996
3996
3997
3999
4000
4000
4001
4002
4002
4003
4003
4003
4005
4006
4007
4009
4011
4013
4015
4016
4017
4017
4018
4019
4019
4021
4023
4023
4025
4025
4026
4027
4028
4028
4028
4029
4029
4031
4032
4034
4035
4035
4036
4036
4037
4037
4039
4040
4040
4041
4042
4044
4044
4044
4045
4046
4047
4048
4049
4050
4052
4053
4055
4056
4056
4057
4057
4057
4058
4058
4058
4059
4061
4061
4062
4063
4065
4065
4066
4066
4067
4068
4068
4069
4071
4072
4072
4072
4074
4074
4076
4077
4079
4086
4086
4087
4087
4089
4090
4091
4095
4096
4097
4097
4099
4099
4100
4100
4101
4101
4102
4102
4104
4105
4106
4106
4107
4109
4109
4110
4111
4113
4114
4114
4114
4114
4117
4117
4117
4117
4118
4118
4118
4119
4120
4121
4121
4123
4123
4124
4128
4128
4129
4129
4129
4130
4132
4133
4133
4134
4137
4140
4141
4145
4145
4146
4147
4149
4151
4151
4153
4153
4153
4154
4154
4155
4158
4158
4159
4160
4160
4161
4163
4166
4166
4167
4167
4170
4174
4176
4177
4177
4177
4178
4180
4181
4181
4181
4182
4183
4183
4184
4188
4190
4191
4191
4193
4194
4194
4195
4197
4198
4199
4200
4200
4200
4202
4202
4203
4204
4204
4204
4204
4205
4205
4205
4207
4207
4207
4208
4208
4210
4211
4212
4213
4214
4215
4215
4216
4216
4217
4217
4217
4217
4217
4218
4218
4219
4220
4220
4220
4220
4221
4223
4227
4228
4230
4230
4231
4231
4231
4231
4232
4232
4233
4234
4238
4240
4240
4241
4245
4245
4245
4247
4247
4248
4250
4250
4251
4254
4255
4256
4256
4257
4257
4258
4258
4259
4259
4259
4260
4261
4263
4263
4264
4264
4265
4265
4265
4266
4267
4267
4269
4269
4269
4270
4271
4271
4273
4273
4274
4275
4275
4275
4278
4279
4279
4280
4284
4285
4285
4285
4288
4290
4292
4292
4292
4293
4295
4295
4295
4296
4298
4298
4299
4302
4304
4305
4309
4310
4310
4310
4312
4313
4317
4317
4318
4321
4321
4321
4322
4322
4323
4324
4325
4326
4327
4329
4330
4332
4333
4333
4334
4334
4337
4339
4340
4341
4343
4344
4345
4348
4348
4348
4348
4348
4349
4350
4351
4352
4352
4353
4354
4354
4355
4355
4356
4359
4359
4364
4365
4365
4365
4366
4366
4367
4367
4368
4370
4370
4370
4371
4372
4372
4376
4376
4378
4379
4380
4383
4384
4384
4385
4386
4387
4388
4390
4391
4391
4392
4392
4394
4394
4397
4397
4398
4399
4401
4402
4407
4407
4408
4408
4408
4408
4408
4408
4409
4409
4410
4411
4412
4412
4412
4413
4413
4414
4418
4418
4418
4419
4419
4420
4420
4422
4422
4424
4426
4427
4428
4429
4430
4431
4431
4433
4433
4436
4436
4436
4437
4437
4439
4439
4439
4441
4442
4442
4443
4445
4445
4446
4446
4447
4448
4449
4449
4449
4451
4451
4452
4452
4454
4455
4456
4457
4457
4457
4457
4458
4458
4458
4458
4462
4463
4463
4464
4464
4464
4465
4465
4466
4468
4468
4471
4473
4473
4473
4475
4475
4475
4478
4478
4478
4479
4480
4483
4484
4486
4489
4490
4491
4491
4493
4495
4499
4500
4500
4500
4501
4501
4501
4503
4503
4504
4505
4507
4508
4508
4509
4511
4512
4513
4513
4514
4515
4516
4516
4517
4520
4522
4522
4522
4523
4524
4524
4524
4524
4526
4528
4528
4529
4530
4530
4530
4531
4531
4532
4533
4533
4534
4535
4535
4536
4538
4538
4539
4539
4540
4541
4544
4545
4545
4546
4546
4546
4546
4547
4547
4547
4549
4550
4550
4553
4555
4556
4556
4557
4557
4557
4558
4559
4560
4560
4562
4564
4566
4568
4568
4568
4569
4571
4571
4573
4573
4573
4575
4576
4578
4578
4579
4581
4581
4581
4582
4584
4585
4586
4587
4588
4589
4589
4589
4591
4591
4592
4593
4593
4594
4594
4595
4596
4596
4596
4597
4600
4602
4603
4606
4607
4607
4607
4608
4608
4611
4612
4612
4613
4614
4615
4615
4618
4620
4622
4623
4623
4624
4625
4626
4626
4627
4628
4628
4629
4631
4631
4631
4632
4635
4636
4637
4638
4638
4639
4641
4643
4644
4645
4648
4648
4649
4650
4651
4652
4653
4653
4657
4657
4658
4658
4662
4663
4666
4667
4667
4667
4668
4669
4671
4671
4672
4673
4674
4675
4675
4676
4676
4679
4680
4680
4680
4680
4681
4682
4683
4684
4685
4685
4686
4686
4687
4689
4691
4691
4692
4695
4697
4700
4701
4702
4702
4702
4703
4703
4705
4710
4710
4711
4711
4712
4712
4712
4712
4712
4713
4713
4715
4715
4715
4716
4718
4719
4719
4719
4720
4721
4722
4722
4722
4723
4723
4726
4726
4726
4726
4729
4730
4731
4731
4731
4735
4736
4737
4739
4739
4741
4741
4744
4745
4746
4747
4747
4747
4748
4749
4751
4752
4754
4755
4757
4758
4759
4759
4759
4759
4759
4760
4761
4761
4763
4764
4764
4765
4765
4770
4770
4771
4772
4773
4773
4774
4774
4775
4775
4777
4778
4779
4781
4782
4783
4783
4783
4785
4786
4786
4787
4790
4790
4791
4792
4793
4795
4795
4796
4796
4796
4796
4797
4798
4799
4799
4799
4800
4801
4802
4802
4802
4803
4803
4803
4804
4804
4804
4805
4806
4806
4808
4808
4808
4809
4811
4811
4812
4815
4815
4815
4816
4817
4817
4817
4817
4817
4819
4820
4821
4822
4823
4824
4824
4826
4827
4828
4828
4829
4829
4829
4829
4830
4830
4831
4832
4833
4835
4835
4837
4838
4842
4843
4843
4843
4846
4846
4847
4848
4850
4852
4852
4852
4854
4855
4856
4857
4858
4862
4863
4865
4868
4869
4869
4869
4870
4870
4870
4871
4875
4877
4878
4882
4884
4886
4887
4887
4888
4889
4890
4890
4892
4894
4895
4899
4899
4901
4902
4904
4905
4907
4908
4909
4911
4912
4912
4912
4912
4913
4915
4917
4917
4918
4918
4918
4920
4920
4923
4923
4924
4925
4926
4927
4927
4928
4928
4929
4929
4930
4935
4937
4938
4938
4938
4940
4941
4943
4944
4945
4945
4946
4947
4949
4949
4950
4952
4953
4954
4954
4955
4956
4956
4959
4959
4961
4962
4962
4964
4964
4965
4966
4966
4966
4969
4969
4970
4970
4971
4971
4974
4975
4975
4976
4977
4977
4978
4981
4982
4983
4985
4985
4985
4986
4987
4989
4989
4990
4991
4991
4992
4992
4993
4998
4998
4998
4998
4998
5000
5000
5001
5004
5006
5007
5008
5008
5009
5010
5010
5012
5012
5013
5015
5016
5017
5019
5019
5019
5019
5021
5022
5023
5023
5025
5026
5027
5029
5029
5030
5032
5032
5032
5033
5034
5034
5034
5036
5036
5039
5040
5041
5041
5043
5045
5047
5049
5050
5051
5052
5052
5053
5054
5055
5055
5055
5058
5061
5062
5062
5065
5066
5069
5070
5072
5072
5073
5075
5076
5076
5077
5078
5080
5080
5080
5080
5081
5082
5083
5083
5083
5084
5084
5085
5088
5088
5089
5090
5092
5092
5092
5093
5095
5096
5099
5100
5100
5100
5100
5100
5104
5104
5104
5105
5106
5106
5106
5107
5107
5109
5110
5112
5114
5115
5116
5117
5120
5120
5121
5123
5125
5126
5129
5129
5131
5133
5134
5136
5137
5138
5139
5140
5141
5143
5143
5143
5143
5144
5146
5147
5151
5151
5152
5154
5155
5157
5157
5158
5159
5160
5163
5163
5164
5165
5165
5165
5166
5166
5167
5167
5167
5169
5170
5170
5170
5172
5172
5174
5174
5175
5175
5176
5177
5177
5178
5178
5179
5182
5183
5185
5189
5190
5190
5191
5191
5192
5193
5193
5195
5197
5199
5200
5200
5200
5201
5201
5201
5201
5201
5202
5203
5203
5203
5204
5205
5206
5207
5208
5208
5209
5213
5216
5218
5219
5222
5222
5223
5223
5224
5226
5226
5226
5229
5230
5231
5233
5233
5237
5238
5238
5241
5241
5243
5243
5244
5247
5247
5249
5251
5252
5253
5254
5255
5256
5259
5265
5265
5266
5268
5269
5270
5270
5272
5273
5273
5274
5274
5274
5277
5277
5279
5280
5280
5280
5281
5282
5282
5283
5283
5284
5285
5285
5287
5290
5295
5295
5296
5297
5297
5298
5302
5303
5304
5304
5304
5304
5305
5306
5306
5307
5307
5308
5311
5313
5314
5315
5315
5315
5316
5317
5317
5318
5318
5320
5323
5326
5327
5328
5330
5337
5338
5339
5339
5339
5341
5344
5344
5344
5344
5345
5345
5347
5348
5349
5349
5349
5351
5352
5353
5353
5354
5354
5356
5357
5358
5358
5359
5360
5360
5361
5363
5366
5367
5368
5369
5372
5373
5373
5374
5377
5378
5378
5382
5384
5386
5386
5389
5390
5391
5391
5393
5393
5394
5394
5396
5399
5399
5400
5401
5403
5404
5405
5407
5407
5408
5411
5413
5414
5414
5415
5415
5417
5418
5419
5419
5420
5420
5422
5422
5423
5424
5426
5427
5428
5428
5429
5430
5430
5431
5431
5432
5433
5435
5437
5437
5437
5437
5438
5440
5440
5440
5441
5441
5441
5445
5445
5446
5447
5449
5451
5452
5453
5453
5454
5457
5458
5458
5460
5463
5463
5465
5468
5468
5468
5470
5470
5471
5471
5472
5472
5473
5474
5474
5474
5475
5476
5477
5477
5477
5479
5481
5482
5483
5485
5486
5486
5488
5489
5489
5491
5492
5492
5492
5493
5493
5493
5495
5495
5496
5497
5497
5498
5498
5499
5501
5502
5503
5503
5505
5505
5505
5508
5509
5511
5511
5512
5512
5512
5514
5515
5517
5520
5521
5521
5522
5522
5525
5526
5527
5528
5528
5529
5529
5529
5531
5532
5532
5533
5534
5534
5535
5538
5539
5540
5541
5542
5543
5543
5545
5548
5548
5550
5550
5551
5553
5555
5555
5556
5556
5557
5557
5558
5559
5560
5561
5561
5564
5564
5564
5565
5565
5565
5566
5567
5567
5567
5567
5569
5570
5572
5572
5572
5572
5572
5573
5573
5573
5573
5574
5576
5578
5581
5581
5582
5583
5583
5584
5584
5585
5585
5586
5587
5588
5590
5592
5592
5593
5595
5595
5596
5597
5598
5598
5599
5601
5601
5604
5605
5606
5612
5615
5615
5616
5617
5619
5620
5620
5620
5621
5621
5624
5624
5624
5626
5629
5632
5632
5634
5635
5636
5638
5638
5639
5641
5642
5643
5643
5644
5646
5647
5647
5647
5648
5648
5652
5652
5652
5653
5655
5655
5655
5656
5656
5657
5657
5657
5658
5660
5661
5662
5663
5664
5664
5665
5666
5666
5667
5668
5670
5670
5672
5672
5673
5675
5675
5675
5678
5678
5679
5680
5680
5681
5681
5681
5682
5685
5686
5686
5687
5689
5689
5690
5691
5692
5692
5692
5693
5694
5694
5694
5695
5696
5696
5699
5701
5701
5702
5702
5703
5704
5705
5705
5707
5708
5709
5711
5713
5714
5715
5715
5718
5719
5719
5720
5722
5724
5725
5726
5726
5726
5728
5729
5730
5731
5731
5733
5735
5736
5738
5738
5739
5740
5742
5743
5746
5747
5747
5749
5750
5751
5752
5752
5753
5754
5755
5755
5755
5756
5758
5758
5759
5760
5760
5761
5763
5763
5765
5767
5769
5770
5770
5771
5771
5773
5775
5776
5776
5777
5778
5778
5780
5780
5781
5781
5782
5783
5783
5783
5784
5785
5786
5786
5788
5790
5793
5796
5796
5798
5800
5800
5802
5803
5804
5804
5805
5806
5807
5808
5810
5810
5810
5811
5811
5811
5811
5814
5815
5816
5816
5816
5817
5818
5819
5820
5820
5821
5822
5822
5825
5826
5826
5827
5832
5833
5833
5837
5840
5842
5845
5846
5848
5849
5849
5853
5853
5853
5854
5854
5856
5856
5858
5859
5859
5860
5862
5862
5864
5865
5866
5866
5867
5868
5868
5868
5868
5871
5871
5872
5872
5872
5873
5873
5874
5876
5883
5883
5884
5884
5884
5886
5887
5889
5889
5890
5890
5892
5892
5893
5893
5895
5895
5896
5896
5898
5899
5899
5901
5901
5902
5902
5903
5905
5906
5906
5907
5908
5909
5909
5910
5911
5911
5914
5916
5916
5917
5917
5918
5919
5920
5921
5922
5927
5927
5928
5928
5928
5930
5930
5933
5933
5933
5933
5937
5937
5937
5943
5946
5946
5947
5948
5951
5952
5952
5952
5953
5954
5954
5955
5955
5955
5955
5956
5959
5960
5960
5961
5964
5965
5965
5966
5966
5966
5967
5968
5969
5971
5971
5972
5973
5973
5975
5976
5976
5977
5979
5980
5980
5981
5981
5982
5983
5983
5986
5987
5987
5987
5988
5991
5992
5994
5995
5995
5995
5995
5997
5997
5999
6003
6003
6004
6004
6004
6004
6005
6006
6006
6008
6008
6011
6011
6011
6015
6019
6019
6020
6021
6022
6023
6023
6024
6024
6024
6024
6025
6026
6027
6027
6028
6030
6030
6032
6033
6036
6037
6037
6037
6038
6038
6039
6039
6039
6042
6042
6044
6044
6044
6045
6045
6046
6051
6052
6053
6053
6055
6055
6055
6056
6057
6057
6057
6062
6062
6064
6065
6065
6066
6067
6068
6068
6068
6070
6071
6073
6075
6075
6076
6077
6078
6078
6078
6079
6080
6082
6083
6084
6087
6088
6088
6089
6094
6097
6097
6098
6099
6099
6099
6099
6100
6100
6102
6102
6102
6102
6105
6107
6107
6108
6108
6110
6111
6116
6117
6118
6121
6123
6128
6129
6129
6131
6134
6136
6137
6138
6140
6141
6142
6143
6143
6145
6146
6147
6148
6148
6149
6151
6151
6152
6152
6152
6152
6156
6157
6157
6157
6158
6158
6159
6159
6159
6160
6160
6161
6162
6163
6163
6163
6166
6167
6168
6171
6172
6172
6172
6173
6174
6175
6175
6176
6176
6178
6178
6179
6179
6179
6179
6180
6180
6185
6185
6185
6185
6187
6190
6191
6192
6193
6194
6195
6196
6198
6201
6201
6201
6201
6204
6205
6206
6207
6208
6208
6210
6212
6212
6212
6213
6215
6215
6216
6220
6223
6224
6225
6229
6230
6230
6232
6233
6234
6235
6236
6236
6236
6237
6239
6239
6240
6242
6243
6243
6244
6245
6247
6247
6250
6251
6252
6253
6253
6254
6254
6255
6255
6256
6256
6257
6258
6259
6260
6261
6261
6263
6266
6270
6270
6271
6271
6271
6272
6272
6273
6273
6274
6275
6276
6277
6277
6277
6279
6280
6280
6281
6281
6282
6283
6284
6285
6287
6288
6289
6292
6295
6295
6296
6296
6297
6298
6299
6300
6300
6302
6304
6305
6306
6306
6307
6309
6309
6309
6309
6309
6310
6310
6312
6314
6314
6314
6316
6320
6323
6325
6325
6327
6327
6327
6329
6329
6329
6330
6330
6331
6331
6332
6333
6333
6334
6336
6337
6337
6338
6338
6338
6339
6340
6341
6342
6342
6342
6344
6346
6347
6347
6349
6349
6350
6351
6351
6351
6352
6352
6353
6354
6354
6354
6354
6356
6358
6360
6363
6364
6364
6366
6368
6370
6371
6371
6371
6372
6372
6375
6377
6377
6378
6381
6381
6382
6382
6384
6387
6388
6388
6390
6393
6395
6397
6397
6398
6398
6399
6403
6403
6405
6410
6411
6411
6411
6411
6412
6412
6414
6414
6414
6415
6416
6416
6416
6417
6417
6419
6419
6420
6422
6425
6425
6430
6431
6432
6434
6434
6435
6436
6436
6438
6438
6440
6441
6443
6443
6444
6448
6448
6449
6450
6451
6451
6452
6452
6452
6455
6455
6456
6456
6459
6459
6460
6462
6464
6464
6465
6466
6468
6470
6470
6472
6473
6474
6477
6477
6477
6478
6478
6480
6481
6482
6484
6484
6484
6484
6486
6486
6486
6487
6488
6488
6490
6491
6491
6492
6493
6495
6502
6502
6502
6502
6502
6503
6504
6504
6509
6511
6511
6515
6516
6517
6518
6518
6519
6522
6523
6530
6531
6532
6535
6536
6536
6536
6537
6539
6540
6541
6542
6544
6547
6548
6549
6549
6550
6552
6552
6556
6556
6557
6558
6559
6559
6563
6565
6566
6567
6569
6570
6571
6571
6571
6571
6571
6573
6574
6575
6576
6579
6580
6581
6582
6582
6582
6586
6587
6587
6589
6589
6590
6590
6590
6590
6591
6591
6591
6591
6592
6593
6593
6593
6594
6595
6595
6598
6600
6601
6605
6606
6607
6607
6607
6609
6610
6611
6612
6612
6613
6613
6613
6615
6615
6616
6616
6622
6623
6625
6627
6629
6631
6634
6634
6635
6635
6635
6636
6637
6637
6637
6637
6638
6639
6641
6641
6644
6646
6647
6647
6648
6648
6649
6650
6652
6653
6653
6655
6656
6656
6657
6658
6659
6659
6660
6661
6661
6664
6665
6665
6665
6666
6666
6666
6667
6668
6670
6670
6670
6671
6671
6672
6673
6673
6677
6678
6679
6679
6683
6683
6684
6684
6685
6688
6690
6692
6693
6693
6694
6694
6694
6696
6697
6700
6701
6702
6703
6703
6703
6705
6706
6706
6707
6707
6707
6708
6708
6709
6709
6711
6712
6712
6713
6716
6717
6717
6719
6721
6721
6722
6722
6722
6723
6723
6726
6726
6726
6727
6727
6729
6730
6730
6731
6732
6732
6733
6733
6733
6734
6735
6736
6737
6738
6738
6738
6739
6740
6741
6743
6743
6744
6745
6745
6746
6747
6747
6749
6749
6750
6751
6752
6753
6755
6756
6756
6756
6757
6757
6758
6760
6761
6762
6762
6763
6763
6764
6767
6768
6770
6773
6774
6775
6777
6778
6779
6780
6780
6780
6781
6782
6784
6784
6786
6788
6790
6791
6791
6792
6792
6793
6793
6794
6794
6797
6797
6798
6798
6800
6801
6802
6802
6804
6805
6805
6805
6806
6806
6807
6809
6809
6810
6812
6813
6814
6815
6818
6818
6819
6821
6823
6826
6827
6827
6827
6828
6831
6835
6835
6840
6840
6840
6840
6842
6843
6843
6844
6846
6847
6847
6849
6849
6849
6851
6852
6853
6854
6856
6858
6860
6862
6865
6866
6869
6871
6871
6872
6873
6874
6875
6876
6876
6876
6878
6881
6885
6886
6886
6886
6887
6889
6890
6890
6892
6893
6894
6894
6895
6895
6895
6896
6896
6897
6897
6900
6900
6901
6901
6902
6904
6904
6907
6907
6908
6910
6910
6913
6916
6917
6918
6919
6920
6921
6924
6926
6927
6930
6930
6934
6935
6936
6936
6937
6937
6939
6942
6944
6944
6944
6945
6951
6951
6952
6953
6954
6955
6956
6956
6959
6965
6965
6966
6967
6967
6968
6971
6972
6972
6972
6974
6975
6977
6978
6980
6981
6981
6987
6987
6989
6990
6991
6993
6994
6998
7000
7000
7001
7002
7002
7003
7003
7006
7007
7007
7007
7008
7008
7009
7011
7013
7013
7014
7015
7015
7017
7017
7020
7021
7021
7025
7026
7027
7028
7028
7028
7029
7030
7031
7031
7032
7033
7033
7033
7034
7035
7038
7041
7041
7041
7043
7044
7044
7046
7047
7047
7048
7048
7048
7054
7054
7055
7055
7056
7058
7058
7059
7059
7059
7064
7065
7068
7070
7070
7071
7071
7071
7071
7072
7074
7076
7079
7079
7083
7084
7085
7085
7087
7087
7088
7089
7089
7089
7092
7093
7095
7095
7095
7097
7098
7099
7099
7101
7101
7102
7102
7107
7107
7107
7109
7110
7113
7113
7116
7116
7116
7118
7119
7121
7123
7124
7124
7126
7127
7127
7129
7131
7133
7134
7135
7135
7136
7136
7137
7137
7137
7137
7139
7140
7140
7141
7141
7142
7142
7143
7144
7145
7145
7145
7147
7147
7148
7149
7150
7150
7150
7151
7151
7152
7152
7152
7153
7154
7155
7156
7159
7160
7161
7162
7163
7166
7166
7166
7167
7169
7170
7171
7172
7172
7173
7173
7174
7175
7175
7175
7176
7177
7178
7178
7178
7179
7179
7180
7181
7182
7182
7184
7184
7184
7186
7186
7186
7186
7187
7188
7189
7189
7193
7195
7195
7195
7196
7196
7197
7197
7198
7198
7199
7200
7200
7201
7201
7201
7202
7205
7205
7207
7207
7208
7209
7210
7212
7212
7214
7215
7215
7216
7216
7216
7222
7222
7223
7224
7226
7227
7227
7228
7229
7229
7230
7231
7231
7232
7232
7232
7235
7236
7237
7239
7239
7242
7244
7245
7246
7246
7248
7249
7251
7253
7255
7255
7255
7255
7256
7256
7257
7258
7258
7258
7258
7259
7259
7261
7263
7263
7264
7265
7267
7267
7269
7271
7272
7275
7275
7275
7275
7276
7277
7279
7280
7281
7282
7282
7283
7283
7284
7285
7286
7288
7291
7291
7292
7293
7294
7296
7296
7300
7302
7302
7304
7304
7304
7304
7304
7305
7307
7308
7308
7312
7312
7312
7315
7317
7318
7319
7319
7320
7321
7322
7323
7324
7324
7325
7326
7328
7329
7330
7330
7330
7331
7331
7335
7338
7340
7341
7343
7345
7347
7349
7351
7352
7352
7352
7357
7358
7359
7359
7362
7362
7362
7365
7365
7367
7367
7367
7368
7370
7373
7373
7375
7377
7379
7381
7383
7384
7384
7384
7386
7388
7388
7388
7390
7391
7394
7395
7396
7396
7400
7401
7401
7402
7402
7402
7403
7405
7405
7407
7408
7409
7410
7410
7410
7410
7414
7414
7415
7417
7417
7419
7419
7421
7422
7423
7424
7425
7425
7425
7428
7428
7428
7429
7431
7431
7431
7432
7435
7435
7437
7440
7440
7441
7443
7444
7445
7445
7448
7449
7449
7450
7451
7452
7452
7452
7454
7454
7455
7456
7456
7456
7456
7457
7459
7459
7460
7462
7462
7463
7463
7464
7464
7466
7466
7466
7472
7473
7474
7477
7477
7478
7480
7482
7483
7484
7485
7485
7485
7486
7487
7487
7489
7491
7491
7491
7493
7493
7494
7494
7495
7497
7497
7499
7501
7502
7502
7502
7502
7504
7506
7507
7507
7508
7508
7508
7509
7509
7510
7511
7511
7512
7512
7512
7514
7514
7516
7516
7517
7518
7518
7519
7519
7521
7523
7524
7524
7525
7526
7526
7527
7528
7530
7531
7532
7533
7533
7534
7534
7534
7535
7536
7536
7537
7538
7538
7539
7539
7541
7541
7541
7543
7544
7546
7548
7548
7548
7549
7550
7550
7550
7550
7551
7553
7553
7553
7553
7554
7555
7555
7557
7557
7558
7560
7562
7563
7563
7563
7565
7565
7566
7566
7566
7566
7568
7569
7572
7572
7572
7572
7572
7573
7574
7574
7575
7575
7577
7578
7579
7579
7579
7580
7581
7581
7581
7582
7584
7590
7591
7591
7592
7593
7593
7594
7594
7596
7596
7597
7598
7598
7598
7599
7599
7600
7600
7601
7603
7603
7603
7606
7608
7609
7610
7611
7614
7615
7615
7615
7616
7616
7618
7620
7620
7621
7622
7623
7623
7624
7624
7624
7624
7626
7628
7628
7628
7629
7629
7629
7631
7634
7634
7634
7636
7637
7637
7637
7638
7638
7639
7641
7642
7642
7643
7644
7644
7645
7645
7646
7648
7649
7653
7655
7657
7657
7658
7660
7661
7661
7661
7661
7663
7665
7665
7665
7667
7667
7667
7668
7669
7669
7670
7672
7672
7672
7675
7678
7679
7679
7680
7680
7682
7682
7684
7684
7685
7686
7689
7690
7690
7692
7693
7693
7695
7696
7697
7698
7700
7700
7701
7701
7702
7704
7704
7706
7708
7709
7709
7709
7711
7712
7712
7712
7715
7716
7717
7718
7721
7721
7722
7722
7723
7724
7727
7727
7727
7727
7728
7731
7731
7731
7735
7736
7736
7736
7736
7737
7737
7741
7741
7742
7743
7744
7745
7746
7746
7748
7749
7750
7750
7753
7754
7755
7757
7757
7759
7760
7761
7762
7764
7765
7766
7766
7767
7770
7772
7772
7772
7774
7774
7776
7776
7777
7778
7778
7778
7779
7780
7781
7781
7782
7783
7783
7785
7787
7789
7789
7790
7791
7792
7792
7792
7793
7795
7795
7796
7797
7797
7798
7799
7800
7801
7801
7801
7803
7804
7809
7813
7814
7817
7818
7819
7822
7822
7822
7823
7825
7826
7828
7829
7831
7831
7831
7832
7833
7836
7837
7837
7839
7841
7842
7843
7844
7845
7846
7847
7848
7850
7850
7852
7854
7854
7857
7857
7858
7858
7859
7859
7859
7861
7861
7862
7862
7865
7865
7866
7866
7866
7867
7868
7870
7871
7871
7872
7873
7874
7875
7877
7877
7878
7878
7878
7878
7879
7879
7880
7882
7882
7883
7884
7885
7885
7889
7889
7890
7891
7894
7895
7895
7896
7897
7898
7899
7900
7901
7901
7902
7902
7904
7906
7907
7907
7908
7908
7909
7910
7910
7912
7913
7913
7914
7915
7916
7916
7916
7917
7917
7918
7918
7919
7921
7923
7923
7924
7925
7926
7928
7929
7931
7931
7933
7933
7934
7935
7935
7936
7936
7939
7940
7941
7942
7943
7944
7947
7947
7948
7950
7954
7956
7957
7965
7968
7969
7971
7972
7972
7973
7975
7975
7979
7981
7984
7984
7987
7987
7993
7994
7995
7996
7996
7997
7999
8001
8006
8007
8008
8008
8009
8011
8015
8016
8018
8018
8018
8018
8019
8019
8022
8023
8024
8025
8026
8027
8027
8029
8029
8031
8032
8033
8034
8035
8036
8036
8037
8037
8038
8038
8039
8040
8042
8042
8043
8044
8045
8045
8046
8046
8047
8047
8048
8048
8051
8055
8055
8056
8059
8061
8061
8061
8062
8064
8067
8067
8070
8070
8073
8075
8075
8076
8076
8077
8077
8077
8079
8081
8081
8082
8083
8083
8084
8084
8086
8086
8087
8087
8088
8089
8090
8090
8090
8090
8091
8092
8092
8093
8093
8094
8095
8097
8098
8100
8102
8104
8105
8105
8106
8107
8107
8110
8110
8112
8114
8115
8116
8118
8118
8119
8120
8120
8120
8121
8123
8126
8128
8128
8128
8129
8129
8129
8130
8134
8136
8136
8138
8140
8140
8141
8141
8141
8142
8143
8143
8144
8144
8144
8145
8149
8150
8150
8150
8152
8152
8153
8154
8154
8155
8157
8158
8161
8162
8162
8162
8164
8168
8169
8170
8170
8171
8172
8172
8172
8173
8173
8173
8176
8177
8178
8178
8179
8179
8180
8180
8181
8181
8181
8184
8185
8185
8186
8186
8190
8192
8192
8193
8194
8194
8196
8196
8197
8197
8198
8198
8199
8199
8200
8200
8201
8201
8205
8207
8212
8212
8213
8215
8216
8220
8220
8221
8221
8221
8223
8223
8224
8225
8225
8225
8225
8225
8225
8225
8226
8227
8231
8232
8232
8232
8232
8233
8233
8234
8234
8235
8235
8236
8236
8238
8239
8239
8240
8241
8244
8244
8244
8244
8244
8245
8245
8246
8247
8247
8248
8248
8252
8254
8255
8256
8257
8258
8259
8260
8262
8263
8263
8264
8264
8264
8265
8266
8268
8269
8270
8271
8272
8272
8272
8273
8273
8274
8275
8275
8276
8276
8276
8279
8279
8279
8281
8281
8282
8282
8283
8283
8283
8285
8285
8287
8288
8289
8290
8290
8291
8291
8291
8292
8293
8295
8297
8298
8301
8302
8302
8303
8306
8307
8309
8309
8309
8310
8313
8313
8315
8316
8317
8317
8317
8318
8318
8320
8320
8320
8321
8321
8322
8324
8324
8324
8325
8326
8328
8329
8329
8331
8331
8332
8333
8334
8335
8335
8335
8336
8337
8337
8338
8338
8340
8342
8342
8343
8344
8345
8345
8345
8347
8347
8347
8348
8349
8349
8350
8350
8351
8351
8353
8354
8355
8356
8357
8358
8359
8360
8362
8362
8365
8370
8370
8371
8372
8372
8372
8373
8374
8375
8378
8379
8380
8380
8381
8382
8384
8384
8388
8391
8396
8397
8397
8398
8399
8400
8400
8402
8402
8404
8404
8404
8406
8409
8410
8410
8411
8411
8412
8412
8412
8413
8413
8415
8416
8417
8418
8419
8419
8419
8420
8420
8420
8421
8422
8424
8424
8425
8425
8427
8428
8428
8430
8432
8432
8433
8435
8437
8438
8438
8439
8439
8439
8440
8442
8447
8448
8449
8449
8450
8451
8452
8452
8452
8453
8453
8453
8456
8458
8458
8459
8459
8459
8460
8461
8461
8462
8462
8464
8466
8467
8467
8468
8468
8471
8471
8474
8476
8478
8481
8481
8485
8486
8486
8486
8487
8488
8488
8489
8489
8491
8493
8495
8496
8497
8497
8499
8499
8499
8499
8500
8503
8504
8504
8505
8505
8506
8507
8508
8511
8512
8512
8514
8515
8516
8517
8517
8518
8522
8524
8524
8525
8525
8525
8526
8528
8528
8529
8532
8533
8533
8534
8534
8534
8536
8537
8538
8540
8540
8540
8540
8541
8541
8541
8545
8546
8547
8550
8550
8550
8552
8554
8555
8556
8558
8558
8559
8559
8562
8563
8563
8563
8565
8566
8566
8567
8568
8571
8572
8573
8574
8574
8576
8578
8581
8583
8585
8585
8587
8587
8587
8587
8588
8589
8593
8593
8594
8595
8597
8597
8597
8599
8600
8601
8602
8602
8603
8605
8605
8607
8608
8609
8609
8610
8611
8611
8612
8612
8614
8615
8616
8618
8620
8621
8622
8623
8624
8624
8625
8626
8628
8629
8629
8630
8630
8631
8633
8633
8634
8640
8643
8644
8645
8645
8647
8647
8650
8651
8651
8653
8653
8654
8654
8655
8656
8657
8657
8658
8658
8660
8662
8667
8668
8671
8672
8672
8672
8673
8673
8673
8674
8674
8675
8675
8675
8675
8676
8677
8678
8680
8682
8684
8685
8686
8687
8687
8690
8695
8696
8696
8697
8698
8699
8699
8700
8700
8700
8702
8703
8703
8703
8704
8704
8705
8706
8707
8708
8709
8712
8714
8715
8715
8715
8716
8718
8718
8718
8720
8721
8722
8722
8722
8723
8724
8726
8726
8726
8727
8727
8730
8730
8731
8732
8732
8733
8734
8734
8734
8735
8736
8739
8739
8741
8741
8745
8745
8746
8748
8748
8749
8749
8750
8751
8751
8751
8751
8751
8752
8753
8756
8757
8760
8760
8760
8760
8762
8763
8763
8763
8765
8765
8768
8769
8775
8776
8777
8778
8780
8780
8780
8781
8782
8783
8783
8784
8784
8784
8785
8787
8787
8788
8790
8790
8791
8793
8794
8794
8795
8796
8797
8797
8798
8798
8799
8802
8803
8803
8803
8804
8805
8806
8807
8810
8811
8812
8812
8814
8814
8815
8817
8819
8819
8820
8822
8822
8823
8824
8825
8826
8827
8828
8829
8829
8830
8831
8832
8833
8833
8833
8834
8834
8835
8835
8836
8842
8842
8843
8844
8845
8846
8849
8851
8851
8853
8854
8854
8854
8855
8857
8857
8858
8860
8860
8861
8863
8866
8866
8867
8867
8869
8870
8872
8874
8875
8876
8878
8879
8879
8882
8886
8889
8889
8890
8892
8893
8894
8894
8894
8894
8898
8899
8900
8901
8903
8904
8904
8907
8907
8908
8909
8909
8909
8912
8912
8916
8918
8919
8922
8924
8924
8928
8928
8928
8928
8930
8930
8932
8932
8934
8934
8935
8937
8938
8941
8942
8942
8943
8943
8943
8944
8945
8947
8948
8948
8949
8951
8952
8952
8953
8954
8957
8959
8960
8961
8962
8964
8964
8965
8966
8966
8966
8967
8967
8967
8967
8968
8969
8970
8971
8971
8972
8973
8973
8975
8977
8979
8979
8980
8981
8982
8983
8983
8983
8983
8984
8986
8987
8987
8988
8988
8989
8991
8991
8991
8992
8993
8993
8993
8993
8994
8995
8996
8998
9001
9002
9003
9003
9006
9006
9008
9009
9010
9013
9013
9014
9015
9015
9016
9016
9017
9018
9021
9022
9025
9025
9025
9026
9026
9026
9027
9027
9029
9030
9030
9032
9032
9033
9034
9036
9037
9039
9041
9044
9046
9048
9051
9051
9053
9053
9056
9056
9057
9058
9058
9059
9061
9061
9061
9064
9065
9065
9066
9067
9067
9067
9068
9068
9069
9070
9070
9071
9073
9073
9075
9076
9077
9077
9078
9079
9080
9080
9081
9083
9083
9084
9085
9087
9088
9088
9089
9090
9090
9090
9092
9092
9093
9094
9097
9097
9097
9100
9101
9101
9101
9101
9101
9102
9102
9103
9105
9105
9106
9106
9107
9108
9110
9110
9112
9113
9115
9116
9117
9118
9118
9118
9119
9120
9121
9121
9123
9124
9125
9127
9128
9129
9130
9130
9131
9131
9133
9133
9135
9136
9137
9137
9138
9138
9138
9140
9141
9141
9141
9143
9143
9144
9144
9146
9146
9146
9147
9148
9150
9151
9152
9156
9161
9165
9166
9166
9168
9168
9171
9172
9172
9173
9174
9175
9175
9176
9176
9177
9178
9180
9181
9183
9184
9185
9185
9185
9186
9186
9186
9187
9188
9189
9191
9193
9193
9193
9194
9196
9196
9197
9198
9199
9200
9200
9200
9200
9201
9202
9203
9203
9203
9203
9205
9205
9206
9207
9207
9207
9208
9208
9209
9210
9211
9212
9216
9218
9218
9219
9219
9221
9222
9223
9224
9225
9225
9227
9227
9230
9230
9231
9233
9234
9235
9237
9237
9239
9241
9241
9242
9243
9243
9244
9247
9248
9248
9249
9250
9252
9252
9253
9256
9257
9258
9258
9258
9259
9260
9261
9262
9263
9263
9265
9266
9267
9269
9269
9270
9272
9272
9273
9274
9275
9276
9276
9276
9277
9277
9278
9280
9280
9281
9282
9282
9282
9283
9284
9284
9285
9286
9287
9291
9292
9293
9294
9294
9295
9295
9296
9296
9296
9300
9301
9302
9302
9303
9305
9306
9307
9307
9309
9311
9311
9312
9312
9315
9316
9316
9317
9318
9318
9318
9319
9319
9320
9321
9321
9322
9322
9322
9322
9324
9324
9325
9325
9327
9328
9329
9329
9330
9331
9332
9332
9333
9333
9334
9334
9336
9338
9338
9339
9340
9341
9343
9345
9345
9347
9348
9349
9349
9351
9352
9354
9355
9356
9357
9357
9358
9359
9359
9360
9362
9365
9370
9371
9373
9373
9374
9374
9376
9376
9379
9380
9381
9381
9382
9385
9386
9387
9387
9387
9388
9389
9390
9392
9394
9394
9394
9395
9395
9395
9398
9400
9401
9402
9402
9403
9405
9407
9407
9408
9408
9408
9411
9411
9411
9413
9416
9416
9416
9416
9418
9419
9420
9424
9424
9426
9429
9431
9433
9435
9438
9438
9440
9440
9441
9442
9443
9443
9443
9444
9445
9445
9451
9451
9453
9453
9453
9454
9454
9454
9455
9455
9455
9456
9456
9457
9460
9460
9461
9462
9462
9463
9465
9465
9466
9467
9467
9467
9467
9468
9469
9470
9472
9475
9477
9478
9479
9480
9480
9480
9480
9481
9481
9482
9483
9484
9486
9488
9489
9490
9490
9491
9494
9496
9497
9498
9501
9501
9502
9502
9502
9505
9506
9506
9506
9508
9508
9509
9510
9511
9512
9514
9519
9519
9520
9520
9521
9524
9527
9528
9528
9528
9528
9529
9531
9533
9533
9533
9534
9535
9537
9537
9538
9540
9542
9542
9543
9543
9544
9544
9545
9546
9546
9547
9548
9548
9549
9549
9550
9550
9550
9551
9552
9553
9553
9555
9556
9557
9557
9557
9557
9560
9560
9560
9561
9561
9561
9562
9562
9562
9563
9565
9565
9566
9566
9566
9567
9569
9570
9570
9573
9575
9576
9576
9576
9577
9577
9577
9577
9578
9579
9580
9581
9582
9582
9584
9584
9586
9586
9587
9587
9589
9591
9591
9592
9592
9595
9596
9596
9596
9601
9602
9605
9605
9607
9611
9611
9611
9614
9614
9615
9618
9618
9618
9619
9620
9620
9623
9623
9624
9625
9625
9626
9627
9629
9629
9630
9633
9633
9634
9637
9639
9640
9640
9644
9646
9647
9649
9650
9651
9651
9652
9652
9652
9654
9654
9656
9656
9656
9659
9659
9661
9661
9661
9662
9662
9664
9666
9668
9669
9670
9671
9671
9672
9673
9673
9674
9676
9677
9678
9679
9679
9681
9681
9683
9683
9684
9685
9686
9686
9688
9688
9690
9691
9691
9692
9694
9694
9696
9697
9698
9699
9699
9700
9702
9702
9703
9704
9706
9706
9706
9706
9707
9707
9707
9708
9709
9709
9709
9710
9711
9712
9712
9713
9715
9716
9718
9718
9718
9719
9719
9719
9721
9723
9723
9723
9724
9724
9727
9727
9728
9730
9730
9731
9732
9734
9735
9736
9739
9740
9741
9741
9741
9742
9748
9749
9751
9752
9757
9757
9759
9759
9761
9761
9761
9761
9763
9763
9764
9764
9764
9765
9766
9770
9771
9772
9772
9775
9775
9778
9780
9782
9783
9784
9788
9790
9790
9792
9792
9792
9793
9793
9793
9794
9795
9795
9798
9800
9800
9800
9804
9805
9805
9806
9806
9807
9807
9808
9809
9810
9811
9812
9813
9817
9818
9818
9818
9820
9821
9823
9823
9824
9825
9825
9827
9831
9831
9832
9833
9834
9838
9839
9839
9841
9841
9843
9844
9847
9847
9848
9850
9850
9851
9852
9853
9854
9854
9855
9856
9856
9857
9858
9859
9859
9859
9860
9860
9861
9862
9864
9866
9869
9869
9873
9875
9876
9877
9877
9877
9879
9881
9881
9882
9884
9885
9890
9890
9890
9891
9891
9892
9894
9894
9898
9898
9901
9901
9902
9903
9903
9904
9907
9908
9909
9912
9913
9919
9925
9925
9925
9925
9926
9929
9930
9931
9931
9932
9933
9934
9935
9935
9935
9937
9938
9938
9940
9941
9942
9943
9944
9945
9946
9947
9947
9948
9949
9949
9950
9952
9952
9954
9955
9955
9955
9956
9957
9958
9959
9961
9961
9963
9963
9963
9964
9966
9968
9969
9970
9971
9971
9971
9973
9975
9976
9977
9979
9980
9980
9980
9981
9981
9982
9982
9982
9984
9984
9984
9985
9985
9987
9988
9988
9989
9989
9989
9990
9991
9995
9998
