1113
4706
8176
1619
759
8409
7180
4233
6998
3028
5919
8477
1831
8969
980
1626
6196
2635
9313
305
3677
9189
5558
3877
1680
6988
7765
2012
2408
8802
4483
8797
1023
4803
876
504
5986
1301
6910
6748
7851
9105
6699
2822
7220
636
1121
4952
2978
7015
944
9250
8770
2258
243
552
8841
6350
140
8397
7266
9494
3613
8151
3266
7917
2159
3551
4990
6703
7907
8377
7578
1270
9032
7749
7159
2498
2300
7316
541
2814
42
1740
6678
9978
8859
6119
4758
5699
8314
4253
8132
3647
6010
7843
1046
7723
5350
8826
4332
1167
6770
5094
9230
262
2612
6892
1744
1246
1174
8990
5689
1330
3229
4066
2372
4284
7459
4063
1177
4014
5971
2712
3090
3389
6382
8263
5903
6959
7603
8725
4557
3427
3599
2628
8062
5871
3648
3722
8132
5141
4377
3613
3745
8804
7516
1986
8242
9745
9359
2530
6364
4534
9767
3507
2606
5747
464
1505
8312
3278
3062
4374
499
9997
5830
1213
6629
7242
1822
4342
545
4016
8041
5165
3140
5700
2094
1012
6363
7448
9083
755
4063
6404
244
356
4939
7760
536
1814
2753
4015
9810
728
374
8318
8837
5202
407
8942
8008
6232
5540
503
5871
2386
3777
564
5347
1489
4578
1590
5074
2857
8511
2941
4501
1987
421
6335
3096
745
7482
1189
6105
1554
3332
3580
5645
9403
337
848
8388
7810
2281
1625
1799
2451
4189
1400
4749
1340
9950
627
5050
5576
3730
7310
317
2338
7409
8407
1986
3521
6637
4408
8305
1957
539
8357
8713
6036
5334
1637
6691
781
7562
7945
9618
6831
5122
9475
1404
7773
2388
1157
4366
6535
6787
4832
5700
9145
9715
6346
7320
1674
1274
7673
166
3436
6289
97
1861
1079
4437
2492
9135
4385
4256
9412
365
4839
4007
4873
2212
2980
1371
2090
702
6442
585
2198
9383
8035
1015
7335
6791
6393
5895
4603
5927
664
7920
3554
1092
8070
1452
675
7506
8186
1346
2940
3499
3023
2686
6060
934
2475
2352
7390
665
6575
3785
4310
2515
2344
161
3317
5364
9171
6019
9697
1665
300
491
22
7708
8641
886
3314
1775
3099
7379
7245
2679
9649
1858
8542
1554
83
9438
9103
1719
704
9184
8618
2355
26
894
4842
9429
3709
4390
1133
6697
6257
3932
4671
1342
2652
6882
3716
3497
5685
7101
3607
6414
4479
8206
201
2698
9235
2978
9966
4949
5462
306
2836
4014
534
6622
4474
5180
2474
1898
164
1671
1199
7633
2762
18
4485
5533
3149
1869
1213
3073
3887
5394
4685
6153
9375
2765
1425
8689
1624
5238
9901
5920
3307
7360
6122
5936
5689
6689
848
6640
4137
4114
3458
77
5054
1720
8453
9172
2493
2203
7888
5732
7111
9947
6084
4954
9639
797
5200
1202
8176
9682
1921
2742
6259
5640
6797
2682
6003
8220
1174
9277
2960
5920
2793
6998
7334
9828
9842
5078
6759
3324
9846
7939
7002
3676
7336
9857
8896
2874
7585
1208
3765
3425
702
9776
7045
843
8676
6197
6731
6740
2813
705
7082
9306
6312
6177
7564
4798
4499
2464
4735
8462
1833
3714
156
383
1036
1261
6755
3682
6033
3363
8644
6830
6025
4001
5432
7115
1752
1934
9014
4483
1596
4993
2609
3188
632
2829
308
8126
3559
7053
3589
8234
3707
955
4654
8184
6200
1588
9386
3599
4885
9894
5626
129
6765
7141
8880
3012
8983
5407
5457
5400
2114
8846
1088
624
8894
9549
7195
9404
1457
7112
9672
1299
1897
1516
9335
2742
3970
9677
5259
2029
1873
7606
7093
3088
6248
8009
6116
6528
6871
2291
1191
572
5171
7391
1687
1928
5097
539
1511
8822
9080
7565
45
6078
9092
4186
4000
5587
470
1810
4176
6767
5443
9515
7133
6322
2059
9113
203
7402
7371
4999
1572
9663
5484
4891
695
9420
4856
1940
3550
1168
2292
3985
758
9091
891
6108
4511
1505
7119
4977
5101
8032
4727
9889
3178
3448
7447
6165
4065
2193
1849
6492
8287
778
7693
2321
2851
2026
3484
9632
1692
8445
4015
491
47
5930
174
7603
7761
1076
9687
3144
6722
2758
5073
249
151
1724
5606
8179
8675
3453
9985
1083
513
5836
477
7254
564
8346
507
1570
4752
7667
4348
4868
3538
5678
4188
3341
3114
9612
5812
8333
1542
7738
2051
4012
1465
8788
5547
6818
9958
2777
3964
5619
1823
4359
4809
6885
2300
5397
8827
5965
5855
3586
9491
6007
6507
2216
4120
3759
41
9675
7084
2105
6952
4619
8873
1609
7288
4197
4009
8402
7342
2101
1760
2930
6894
1198
1894
7093
3614
4754
7239
2455
5458
8184
2375
6476
7584
3149
22
8079
2734
4730
7506
8708
5596
9554
6516
2081
4397
2326
7895
5172
1035
8374
4148
390
8210
4245
489
6727
4175
8024
678
7022
9614
868
8934
7413
5843
7205
4497
8644
2000
1639
9620
2284
5874
2562
5681
2047
5886
8489
1729
7632
1443
4407
8729
7074
399
2928
753
3709
2189
296
3315
401
1565
1231
8241
7479
8832
323
7567
4201
3049
2203
5997
7326
9653
8950
1964
8501
9882
2746
5062
7223
6819
9337
4487
8635
401
9849
3812
5321
3231
7102
3644
1817
162
2532
2962
2039
1832
9137
9781
7153
8470
875
4718
3206
2712
2537
5525
7900
8115
6928
5985
2165
3560
5857
1799
1838
7353
50
6259
7160
148
6189
3915
456
1102
3504
3165
5895
8626
7911
9619
8692
3950
7360
8073
8265
4540
7762
6050
9649
3986
9857
9335
8873
1043
5474
9816
7892
4641
6573
4049
3626
8441
7037
6877
8539
5504
8777
3121
8850
6667
2854
3372
7899
7583
1135
7409
4816
309
3098
8539
6382
8918
538
8341
9733
719
9446
1941
8551
6907
3659
9231
2878
4819
7279
7385
4775
6051
8716
2963
7984
5270
1465
8804
7695
3517
4016
3772
7387
6432
1769
1739
8649
877
2189
2056
661
1825
8841
6021
9993
2910
1494
9256
3847
2796
2127
4980
8914
4129
468
1822
3828
5102
1367
1816
7889
5513
7319
2617
5034
3556
1105
4796
1647
1650
5268
5132
2878
7672
769
2654
2630
7068
6492
4867
4554
8307
3349
829
9278
2455
9999
3167
102
7533
2069
541
6133
5349
1234
3821
1641
1548
286
740
5843
9482
2924
4481
9240
3312
1647
9261
2875
3628
6820
1639
9876
3453
8600
4046
6140
287
2764
3706
3103
9463
6210
8781
219
7975
7207
5179
8704
3505
1463
841
1740
4145
4413
6677
6905
1117
3480
4377
3500
4836
3437
118
61
3909
5048
3976
4400
1448
6355
3481
5223
8577
2167
45
2968
7333
6282
5438
6120
8597
8201
9463
8027
3159
1968
2753
2915
2480
5589
9798
1209
5396
7963
101
5008
1823
6514
4437
2121
2864
6540
8448
714
5090
2965
2491
5864
9435
3546
6082
4361
3419
2036
1901
4378
4652
8794
85
3535
3769
7264
6667
1210
1450
2403
9342
1967
1366
3337
3989
7279
5398
4783
3176
6661
6578
6552
6585
544
2936
4856
8979
3651
9516
3195
4831
4461
8200
3174
6390
2825
5225
8463
4112
3748
1659
3030
2161
1592
1344
997
6024
9870
6207
4895
4505
4622
9300
7142
483
590
5394
7084
8536
3457
509
8924
7626
2597
9195
4713
7673
2821
6209
419
4473
2905
8567
4038
5635
2156
3571
6206
4865
6976
4485
5426
8434
9557
9951
9479
9197
4875
4425
8493
286
2645
5878
4901
5765
59
9556
6186
8784
1929
4468
9547
1094
6841
9979
103
5203
1625
6779
4935
687
7359
296
5353
7457
2092
1299
6267
6255
4366
3970
531
6577
8940
693
9001
3513
1331
6206
3856
7405
3352
8582
192
7939
1315
7461
2886
3598
5224
5216
8405
8285
5360
2052
1332
2204
1727
7186
4863
6978
3127
4955
9256
7118
4815
8830
4996
1882
9527
2225
7060
8578
2241
8111
158
6536
8892
9586
3856
2351
3528
2783
4178
2584
3300
7093
339
1379
742
1423
790
8488
2228
1067
9204
1935
2676
6880
1241
5847
7515
1519
6781
6837
4451
6401
6663
1568
2514
4411
8395
5634
8635
3439
7875
7483
8374
4056
7548
3408
5932
9191
3682
2424
2596
5750
4270
2792
4900
6805
325
7357
6105
7251
2471
7287
5103
1607
5086
5377
4674
1435
4130
6595
3527
818
7844
368
6537
8354
5418
1643
2054
5513
4298
4305
6580
2236
6297
8675
2155
9270
3205
5504
2710
7459
5196
4860
2422
1453
7046
9550
8369
7530
2129
3431
584
5183
7855
8377
1386
4708
3768
9681
1523
6748
5474
7269
4240
7389
8028
5496
4419
7327
617
408
2813
7588
9041
8292
298
5124
781
139
6330
2877
8089
4294
57
3270
7994
8246
8952
7518
566
1832
55
208
1557
295
3590
9147
7484
362
3451
2338
4745
5267
8239
1801
8327
5931
1958
5230
349
8892
9845
9272
2216
9785
934
2305
8849
7904
5983
3553
7379
7369
2754
489
6524
3449
6128
9876
4562
2217
9028
5511
3980
3201
906
6459
8846
8930
773
8483
228
2383
5891
5857
9584
6425
4348
1654
8637
2154
7729
1969
3944
4169
1944
6008
7924
2892
9444
6988
1716
2823
8728
3261
539
3337
7530
9219
2316
4691
1092
6955
2472
7626
4412
2975
8696
8218
7792
4974
3615
2771
6124
5568
8479
5057
9635
5979
8994
6563
8827
2629
3697
5677
6230
837
5409
1622
5088
9270
4279
9776
2553
7538
4524
7192
5993
8698
4193
4455
879
1015
1445
18
2727
2558
7628
8797
4398
3876
273
8615
4883
8555
5039
3690
492
4452
4576
942
4125
9465
2633
9410
9158
5150
84
7135
7544
9320
5096
1930
6580
2325
1503
4911
4139
9033
7395
2777
4952
9229
9392
796
8569
3747
2431
4305
5604
7518
9909
3314
5915
7510
6434
6441
8670
8322
1713
169
8429
9839
4114
9726
8249
9437
9225
2397
608
4568
4274
6591
8161
2255
9853
6816
154
870
5853
2287
2539
8027
8745
5052
640
115
4262
3723
8856
2776
1753
7494
6689
3168
8226
2608
2137
5061
2652
4707
4504
2755
3647
6326
4827
5733
2162
8420
9763
9724
5661
3131
1557
6814
8630
1406
3143
6702
7093
7556
6703
4211
222
9535
9905
9335
5589
6448
4089
4815
5084
1450
1422
8536
7867
6565
5644
9204
8184
3869
8754
57
4777
8876
3934
3871
7599
451
9655
8182
6495
2954
6588
4338
8947
9002
5135
1820
3723
7023
7007
5318
7868
389
639
6811
1097
8852
9699
5693
7871
8680
4200
9755
6255
1383
6933
784
7523
4922
4743
9518
6321
9457
9826
9287
4250
2348
5565
1801
8256
8198
395
1477
4031
6030
7700
6751
6435
2132
9465
7554
1787
4059
15
334
4936
6425
9165
1738
8243
6408
5554
5767
737
1387
7407
7588
3216
402
4676
5293
6629
9788
4335
56
5706
2563
2630
3731
9286
9630
8840
2273
3415
4919
1197
8310
3406
7340
1301
4881
1108
1720
8383
9267
2074
8122
392
7874
9582
5804
275
9780
4941
4307
8726
5097
6095
6706
9240
3286
936
2979
4014
5739
4113
6148
6796
4937
9956
7979
3985
105
7472
6376
4116
9281
1345
1479
2472
901
3226
1201
7622
7473
8238
5994
6940
6969
3129
2312
6915
36
9375
8021
5797
5525
3083
2663
3918
3917
4006
1971
108
2501
7171
9691
2823
9053
5424
6223
7028
3941
4510
4243
6106
9575
3389
8223
3
6436
7145
5883
3494
6540
1412
7367
1613
2163
3163
7702
4117
5896
8212
3964
6865
4319
2451
3873
1979
635
2139
8243
1615
7352
2231
8597
6581
1927
3291
4765
6258
1836
9711
8092
9542
8710
8358
4624
3697
4591
1638
7555
3985
8852
1280
1411
7426
6786
817
5743
175
2887
5703
7951
5339
4596
3271
4417
4922
7485
516
6268
492
7045
4372
6210
7974
3231
1928
4294
8543
2081
6864
8213
4475
504
1616
6685
6133
7824
5477
2461
8611
4092
118
6090
8434
7074
4825
7425
7255
674
7031
7430
6951
3634
8023
5138
5058
9451
5293
2857
3066
5021
2005
7382
169
1877
6955
6140
5896
9632
8882
9372
9680
7223
6523
1604
1049
7118
4605
8530
4560
669
6514
4141
7648
7470
7901
6242
9358
1720
4351
7088
8332
2752
402
5806
2019
802
2736
2595
1211
4260
8615
5016
7066
6668
4345
2422
6816
3191
9948
6797
9526
6047
9024
798
1898
4264
6528
7892
4235
5092
8391
4071
6342
1263
150
4474
9040
4482
8026
2676
7102
9034
6364
4021
7602
6026
7467
2035
8320
3241
4396
8719
9046
1527
1479
7534
4809
1652
5999
2798
8764
3637
7239
6362
8561
7441
3971
4304
1820
1920
7040
7077
7878
3155
6092
5578
4661
5775
3621
5261
8900
1291
8429
8751
2122
8169
3094
857
6010
9709
4427
3875
6406
1562
2039
8844
3318
6347
4631
8526
792
3906
3956
3533
217
8881
4783
5117
5450
8347
9886
2453
8449
3810
9763
887
6072
4089
1881
1523
1491
4850
3289
4254
8481
4833
4091
5986
7040
1872
5647
5986
9008
9695
4984
2760
7140
4398
9716
6243
6101
1989
9826
2894
307
7176
7292
430
4987
6527
7179
3179
3594
554
6937
1649
3745
1946
9428
3959
2778
7259
9115
9786
7507
174
1573
3382
3672
9181
6239
5374
3327
9440
8311
3989
7385
8602
7756
3133
2242
6029
6915
1969
4127
5166
2510
528
7533
2537
6185
8408
4152
9013
8850
1032
1506
7711
4536
8252
6031
4720
8900
5055
2293
9578
6392
199
5729
3452
3911
7697
7914
6152
8813
4751
6127
2347
924
7065
2807
1471
9289
6580
4490
1745
7966
4249
281
1992
3062
8220
4600
6146
7826
6799
6296
7039
708
8793
8884
8617
7063
2473
1849
4265
2094
7281
8239
673
8273
323
9707
5522
1620
3512
5067
4243
2340
9477
5200
4126
5643
5667
7268
8214
5294
8442
2173
7972
9265
9583
209
5972
2119
9189
3708
6815
5771
6750
914
3240
7801
5690
2260
4445
7228
5186
4290
4979
5875
6051
9359
908
7480
3392
6039
5292
1220
8867
1674
6934
173
397
7576
7189
5415
7223
8166
4086
1125
9036
5721
5398
9613
8743
1494
5724
5784
7890
6050
8263
50
1455
5880
11
9300
663
6104
6770
1504
5150
727
5172
7246
1278
5515
1734
8233
4385
1271
3674
756
3493
1238
2492
9962
5094
5721
544
1667
1375
5286
6661
4759
8715
7301
8502
2638
4062
9254
9149
2629
9736
9352
8461
1236
762
9738
8888
2590
7670
926
4470
4482
4524
5712
6743
1372
2170
2478
3945
9602
822
7461
7801
2378
6778
5213
9630
2306
3404
771
4550
7026
1051
29
4752
9507
6638
8540
4530
3208
1614
5891
2010
6506
6514
551
5218
2890
5981
5533
448
2803
1585
7909
3718
8926
3084
8329
840
4809
2443
6479
654
2610
8382
394
4030
2347
9850
7155
8774
8606
1344
3651
2754
3148
3410
1088
9594
4366
1400
7749
9097
7127
1680
4526
2484
4731
9135
1882
72
7120
1488
3283
4975
7759
9121
6468
8484
8299
2901
562
6795
6283
5341
6793
241
9192
9051
8676
4855
8694
6849
1144
4504
7763
6526
7733
8705
1176
1433
9115
1696
8237
7475
5614
567
4209
9765
1308
2244
8218
3469
266
2084
3851
4472
1930
9155
6391
7408
3802
2449
3901
993
6998
3116
1917
6700
5874
8411
1689
136
6769
2318
9505
8535
2770
230
7469
2954
1001
4637
3597
8866
97
4474
4260
7052
1375
9122
4817
4075
8367
9207
6368
1676
8411
4411
7192
5280
3147
5958
344
4114
506
1472
6151
9179
2681
6403
1990
9848
1350
1382
4688
7295
3321
7440
8564
4374
9953
2233
3138
6656
8493
733
5986
7951
5053
5743
1745
5096
8773
579
6340
7459
4893
92
5496
2648
3395
9550
188
4870
325
5625
259
3603
359
6488
8028
2822
8807
5554
8144
5334
1227
6865
2448
6441
4540
7923
7520
1846
2896
2868
1863
9719
682
7548
3712
4377
478
7485
8306
1550
180
650
6604
1848
9395
5748
8512
5382
6420
2621
7372
9670
706
8968
3465
8688
1263
3901
8939
3441
1621
907
7898
1278
4541
4879
5086
9466
564
7937
4049
6549
3183
7613
5053
3431
5505
3563
4214
1825
8228
2571
1483
4076
7713
4044
2045
2857
4504
7653
9927
1043
4037
6829
9262
4595
4511
9239
5583
2341
9735
6237
9451
2140
8610
5533
7143
2555
8430
9452
2097
5692
6609
9278
8722
7350
783
3309
6190
6918
9243
4101
7970
7839
1550
6198
9673
6866
5252
5562
8415
9331
7552
1559
9222
9514
747
1045
8281
911
3627
3739
2505
5205
1545
7106
6489
5640
2270
212
3983
939
3104
3404
7582
1677
5520
7306
777
8036
2750
518
7581
296
651
2450
5886
3147
3901
9836
8576
3932
1450
6966
6813
6736
2744
2432
8142
5810
220
7654
4781
5087
9142
5776
6575
9097
1391
5385
8559
4975
2993
4747
4986
51
9338
9348
4636
228
6868
5270
7915
3122
5367
5150
9662
3286
7679
2859
6909
5889
3050
2557
527
3016
4781
5433
6471
6900
3779
407
6378
3103
101
8928
1869
2451
92
7457
2847
5889
212
3917
8205
3608
975
9558
8741
8167
1610
7452
8209
9090
1097
144
3173
4127
1336
9225
5726
2517
8061
8778
5377
8911
5264
8677
2731
6435
7364
3946
5113
4527
845
3546
7270
3030
2961
7586
8148
8395
9323
5178
1169
174
2576
8731
2231
2854
2277
8655
261
6588
5006
8063
5180
3113
7291
4864
4651
6298
8661
3428
9786
3242
512
5933
8837
965
9201
3409
1884
4349
2540
3339
9607
6450
4804
7406
8420
2519
1071
1828
9961
1773
5066
3508
8820
2027
7064
8022
1186
4942
8398
9337
9959
5604
5800
8957
1517
6464
2806
7640
8841
8629
9552
8398
1164
5306
9845
2618
6377
1534
6173
5619
3506
6908
462
3914
2182
654
1508
3927
3237
1925
286
5680
4938
9638
5170
7195
9190
6698
9710
3612
4767
8549
9496
9468
5372
7447
7516
9751
5612
2595
1371
445
8144
4749
2186
3000
6597
2422
5713
3840
2934
5001
6922
2589
5080
8726
1736
1285
4564
6869
7383
1063
453
963
3051
1509
387
9820
200
9445
6283
1039
4339
3082
973
5067
1123
1688
4378
2203
2429
667
8707
8028
2150
4343
2384
462
6237
1047
977
669
1179
2789
579
2318
9341
2785
6579
1611
4461
6217
57
6210
3719
9506
6168
8716
5098
1120
8579
8071
5518
3393
9655
788
6878
2274
5511
3672
4699
8966
1609
4155
8113
2372
3538
1052
352
9443
344
6232
1883
8679
2113
917
1752
5780
1634
9672
8531
2948
9875
1099
789
8566
8504
8346
6662
7464
7401
2324
5246
4255
4278
7511
9884
120
3485
8372
3630
600
7391
9561
1942
2635
9819
2355
4924
1039
5845
8029
5860
8761
3483
5471
4967
1079
9110
4413
9590
7839
9405
7085
2720
435
3143
1817
153
4326
5456
8720
9337
1634
4726
4173
3036
437
2555
2663
3337
5374
5116
8366
5486
6783
6878
8211
9448
4070
6229
5304
95
3463
5916
604
3024
6682
169
6852
9466
2832
631
4440
5588
7485
6788
1895
8215
637
5534
2021
5427
5628
4231
8519
3819
6129
8063
7653
4282
1878
8814
7916
1555
5151
5536
2029
2097
3195
389
3921
6046
6744
6752
5391
3953
3583
9779
8702
7471
9157
5356
9268
4071
3432
6992
45
9263
5173
3605
8860
1672
1535
7107
2485
1092
3443
2724
5251
3543
9800
8459
8129
7375
4448
2921
3270
1114
9441
2815
2675
9987
2836
6899
6104
125
9570
3808
3323
3219
1706
1419
9949
3395
2057
5396
6745
6320
7153
1237
3216
3046
7530
4831
928
2896
442
2156
1945
1746
8300
4020
8469
4538
7147
5608
3039
5773
3251
767
3789
6773
8217
9639
4279
6148
704
5411
6976
1692
2857
6477
9120
1364
9243
4789
3186
683
8643
6230
9345
3884
4180
1437
687
4580
9973
114
5247
9551
1878
9433
9137
4908
59
4982
8794
3463
4423
7478
7281
4649
4958
3863
524
9441
3726
2873
7463
3636
8425
4601
3776
9695
5496
8310
8994
3596
7969
4415
8033
6930
1546
9207
8720
6985
8711
1384
4577
4483
2963
7050
8403
7698
7776
1870
8243
1016
2523
738
8715
6490
5121
6136
4949
1393
6074
8419
564
8289
6887
6744
8015
7830
3804
4067
9681
9982
8446
3941
1957
2472
9819
5832
5292
6115
4546
7934
267
7341
4465
9825
2612
3416
5359
6500
7863
7806
6974
6374
6365
8353
258
4808
3924
1858
9474
8712
3207
2703
1835
3133
4162
7013
1183
4617
7874
1001
1019
1171
8855
5740
288
4875
1226
5362
5844
6761
1905
4517
8311
5803
6916
4609
1520
5629
8369
1477
3477
177
9578
9120
3830
8525
9712
9116
8988
9135
8483
9548
8647
5809
5830
2355
2847
4845
8474
6410
1649
318
3363
2559
9788
3575
2898
3712
4001
694
2388
7645
8795
3011
7602
1627
8433
1735
7584
7915
8350
1277
5153
1240
9204
1441
2133
8738
594
498
7116
2526
8533
1548
5769
9599
4399
8245
488
7047
2197
8861
1470
4976
4630
4169
182
8098
8684
7806
2705
4455
5877
1244
7837
675
564
7711
4990
2124
2411
4645
9164
8246
5276
8545
1555
4455
4508
302
6874
887
5143
5655
3345
9363
6845
3571
4247
5249
2333
4270
6815
1819
5034
4004
8401
6329
6005
8943
433
4796
3608
2727
6847
515
8443
6052
8370
3554
5851
1368
3586
2879
4250
4484
6686
5128
1524
7513
6344
6833
4061
4935
7068
6581
1871
2492
6205
192
5760
5847
6586
4483
2783
802
7497
8860
5091
6652
3562
7013
748
3128
8990
1888
8983
7430
7391
1468
5065
934
9407
1785
6497
2944
8400
4452
395
4031
1628
3834
8917
5576
5982
7577
7177
8616
5810
2738
3155
5846
7541
3571
7647
5717
7534
1511
1256
609
6285
4753
4225
9868
5694
951
5679
5405
6250
4649
9384
1931
8348
5362
9649
7309
1804
5982
488
588
6364
3623
5024
1195
4757
866
7808
8989
2896
5428
2917
8017
4412
6966
8452
3823
5655
8449
4304
4629
9942
552
5691
4543
6235
7536
6468
4069
1579
1526
3907
5039
4030
592
9885
5858
949
3016
388
3254
7881
6363
4036
8390
2390
5238
2739
3094
1953
2689
4617
4666
4265
4337
555
8914
5577
7296
3137
4248
4799
839
3298
2412
5703
7498
8165
4624
105
8282
6253
803
8747
9028
8532
5273
6801
7522
4865
1770
6184
9929
2819
1799
1208
6882
9244
9318
6670
9099
2106
3622
6404
462
9098
2755
9922
4145
9497
3813
7694
8767
4956
6339
6821
5606
7934
8526
8041
5205
484
5164
1330
8512
4698
7172
3054
9499
6881
6128
3414
3341
6444
2309
5276
6585
7599
98
2004
1706
3860
9448
439
5977
2505
8762
8729
3633
1982
3802
4126
7593
8434
9764
8480
3040
8533
8120
2987
5684
5997
6982
4848
9092
9539
2230
1185
5025
3879
5592
7620
5296
7759
3529
3444
9480
8633
7104
774
4330
9445
3943
7041
5436
8641
6043
6633
2898
7142
4794
1278
3677
1872
5634
194
7238
9124
3174
6238
9566
8273
9626
822
249
485
668
5940
6184
4875
6752
6141
7008
3701
7858
5551
67
8083
97
4179
5976
1940
4415
1080
5316
4841
5179
261
9451
5334
449
4793
8892
7091
1637
4174
7668
653
2821
1239
3717
8965
4066
9929
1831
2194
3411
552
9408
6759
3411
1293
6227
3487
1908
4554
2027
9888
4279
2351
219
7330
4299
2605
872
1606
1041
2324
9461
8593
723
4780
4998
5292
4941
4362
7569
7486
4103
3206
9106
6976
1456
8271
2183
6712
2894
7526
6589
2135
2455
1528
8959
290
4006
1787
3848
4464
40
3440
2136
6426
2332
5323
5840
9090
8611
7126
2480
8026
5030
9307
8435
2634
399
1092
1460
6283
7759
5043
2556
2759
7363
2226
1951
5127
5411
1338
5792
8045
3885
9341
6909
2901
7469
2140
2154
4535
1727
9332
6481
9928
4218
7490
3921
4993
1067
8680
4073
3497
6562
1716
8944
331
8474
5711
4416
9668
3612
8220
1539
2886
8251
4064
5935
4347
6317
92
4934
814
4500
1346
5388
7456
2721
4681
8818
5790
7361
571
2814
1227
2352
5641
5168
1490
2748
478
2929
7807
8531
9267
3134
9069
1996
543
144
6215
427
3318
2755
5256
7130
7724
2779
8698
6366
9646
8725
5811
1921
9424
2431
7224
7417
8170
2321
7030
6188
7489
8486
1692
451
5220
1428
354
9111
3655
7392
1730
7020
2618
3068
3886
8300
7386
242
9448
8411
104
1456
8163
1988
8707
7973
7060
103
359
8938
5257
5827
3602
967
5066
4693
9260
9711
4406
4477
7694
4305
637
2706
5121
8915
4341
2363
6036
9430
3848
687
4191
9395
168
5191
4140
9337
2762
2401
1095
6219
5987
4926
2433
5842
6975
9436
8756
2835
6297
4635
1232
5832
5058
4657
812
8683
388
8098
8566
5161
4246
6157
4499
5032
6782
8695
6624
2820
1662
6016
8225
376
8663
1259
7136
4372
4037
7413
6753
8870
2850
4952
4877
2174
5442
2793
9762
704
6719
8754
3729
828
4226
3128
1199
547
2147
1933
2131
9952
8277
7130
3464
9193
7452
1779
7473
2877
6743
9169
8762
1016
7070
4974
5861
7092
7295
9420
3571
8811
2695
6313
2442
2255
4450
5622
2414
9579
3154
7955
3553
9679
7992
6969
3954
9393
2017
1386
5045
2901
6420
1785
8796
8360
8193
4914
6033
4658
4329
6199
716
7496
5348
8625
6283
3308
5905
149
5852
6143
9568
6285
7433
9899
5350
8981
5529
6617
9465
8644
1300
4634
2546
2824
5446
6327
5476
5077
3058
9478
7145
3840
8153
3251
7083
4446
3794
4683
5470
9652
9252
3633
5664
1222
4250
6012
2559
5506
2637
2546
2545
4519
2637
1222
2307
6082
2960
3387
263
5348
227
619
4092
2779
2151
5531
5820
8166
2286
1860
6221
8094
3105
8384
6824
7965
5649
6252
4201
2110
3112
1474
2670
2816
366
7409
3683
5722
7116
4267
7558
7606
8960
4817
8733
831
2699
7577
4571
1942
8477
919
59
2217
3271
9085
1332
1552
3670
8196
567
1921
128
860
1800
7311
3582
2746
6521
9551
4009
7873
5875
7709
5745
2324
9489
9167
8741
5823
5552
9102
9369
9343
1406
2358
6942
8086
3964
3093
5892
6796
3521
2903
573
9238
7634
8495
5833
1212
9803
181
8873
8018
2412
8812
9612
451
7984
4757
1225
1781
3221
5969
1952
3106
1637
7279
4773
2292
588
7243
8843
9930
5174
4094
4855
3867
1834
3836
3111
5973
69
1650
8343
9882
674
4760
6711
7653
7464
8478
3237
4082
9184
2361
1580
825
1423
1215
3749
6454
1912
5391
1578
7559
8070
5803
4137
3138
6799
6080
5124
9994
197
209
144
8268
8183
4324
7508
4252
5188
772
6945
4071
1870
5248
5499
3696
130
1767
6234
2889
9817
8495
5921
9979
274
8274
3743
5569
1312
1914
6327
4936
434
9039
6719
9999
8213
749
5323
9504
9632
872
6553
7327
6980
532
1872
925
5224
3185
3939
6759
2847
397
1074
4443
4051
9548
8247
4566
4168
9723
5980
1740
2938
4480
6818
8634
4765
6895
3253
1079
3752
9843
4383
9796
9546
3791
9215
4593
319
8910
7036
6193
2183
5509
9679
4527
539
4966
3741
331
7225
8233
3785
5257
656
1946
6315
6469
2082
9367
844
5625
2550
6699
1392
3532
7847
4412
1341
3191
1126
1088
1881
2721
5704
4851
3456
9464
8000
2196
4433
2803
6965
2661
7727
5814
2884
1831
92
6781
3741
6654
4984
1744
3550
4138
9241
3381
2084
1846
5354
4587
2145
2508
7547
5467
4124
7014
2939
2551
8157
7332
8531
3316
714
9146
5336
2226
415
7708
7406
3864
1027
2071
9460
8806
8903
3120
8370
2190
8027
5752
7759
8741
9685
9688
2555
6741
6272
637
4698
6848
9280
1834
1614
7810
873
3479
7715
9094
8446
2928
3060
1716
8210
6478
5571
258
5724
7579
9214
8038
3905
7773
9446
9287
3521
8963
9897
6127
2223
2834
8438
2634
8925
7875
7186
8748
4321
4486
7003
5555
4321
4254
7809
6352
3455
7895
2486
2767
7491
8539
9927
1578
666
3516
7699
9591
131
8959
4355
3821
6645
1786
7382
558
5023
5051
5758
738
4056
4319
2862
9369
380
231
6168
9358
7700
3034
5993
4103
9994
2028
1492
6409
180
853
7095
3016
4587
7094
8109
1455
2080
5288
2723
5465
6607
7632
6914
9553
5445
9153
5623
1918
626
2352
2434
8233
185
4656
6501
9460
9953
9003
6170
3289
8457
3743
8503
9672
4023
7776
1801
9003
4029
8702
7681
5427
3405
5780
9909
2763
5283
3188
7898
5421
7760
8869
1950
9053
9851
7686
5414
8086
3408
5973
9101
4734
1487
6044
2723
2701
4484
6718
7572
6014
9132
3627
1969
1439
6144
3642
928
90
4383
1401
4422
8917
9790
9309
98
4839
9730
9563
1275
1007
3126
9702
4317
282
1916
8188
1716
6288
3549
4296
8613
500
6740
6471
7945
7570
2550
2980
4124
5883
8231
8779
1946
1214
5985
7394
9678
6259
4546
2008
5358
1162
5783
8903
6551
7961
8344
2837
4494
3722
8485
3998
1215
5827
7245
5151
336
2868
2485
8937
400
9236
8571
458
532
8412
1339
1002
1786
5940
7111
5953
9116
3044
236
3223
5335
9036
4904
3898
4259
4588
5418
4112
3311
1089
5387
3036
4481
4718
1939
1342
1542
9886
4074
6169
1219
8355
5125
4197
7225
8776
6887
7891
8990
7914
7163
4973
6455
7361
1919
3457
3355
8268
1892
3986
3446
7324
8235
9930
2908
5038
2998
6055
7864
8088
1425
3522
1361
2861
4794
3706
2432
605
9409
8873
8324
3775
5619
5008
6264
2074
7363
7382
5817
3483
2592
6686
1494
2538
736
1968
420
9005
7920
8690
7535
7103
8663
7174
1652
3160
3963
6389
7014
4969
32
7017
3992
412
7217
2910
4380
5351
417
1437
1908
1974
1626
427
6613
406
8086
4798
4843
2880
3423
2562
2061
3336
4198
7339
2907
7854
2070
8501
7879
2984
5879
4757
1759
8118
8301
2913
3974
7227
7961
9735
7645
9324
8975
2198
6979
4124
3020
930
45
187
6425
5895
1315
1748
8567
4
3466
8322
3892
4929
9741
7623
7373
8589
6308
7821
828
467
5194
737
6348
7446
3163
9902
7749
3845
7816
1345
8844
4117
7191
3321
3165
9031
3703
1000
4040
160
5329
7668
1290
8639
620
3207
4298
393
7910
6466
5918
5035
9857
2532
2364
5269
3904
4200
864
8767
8547
2597
7441
8907
1950
5035
2935
2978
4797
3876
1134
4081
1930
3431
7411
7450
8466
7711
1427
2763
1155
9053
1440
3543
6105
5405
8458
8147
211
1884
6931
7390
4579
1384
7718
8810
5248
5408
3614
5360
4276
9018
1391
2025
471
8592
7874
2082
8047
293
5032
230
1846
7534
9590
4804
3311
6800
2431
7924
6515
7235
3501
606
3449
4080
3760
9132
6243
783
7064
5066
4493
6360
8148
2066
2718
4768
7563
9946
7868
4287
8381
2840
6540
6335
5356
4593
6394
7702
2946
4906
6835
8214
3677
967
367
2524
2927
2091
1505
8700
2655
5863
7857
1780
2494
9094
4552
8940
1249
3898
8995
5925
266
373
3908
6335
2884
117
3543
4796
4773
9693
2538
2095
2240
7612
8107
4319
1000
3439
1663
6383
2243
9795
3254
1216
9862
3886
1371
1873
7728
3046
708
5878
4608
6321
7157
5475
7972
6714
4414
4655
8270
3434
5322
537
6166
7366
9970
3743
9919
864
7943
7859
3775
3725
701
3495
6008
8397
6994
2662
5134
6938
9107
1821
8350
5608
1449
3069
4812
796
3843
4354
4412
3576
9313
5414
6222
9059
9757
7708
9925
4391
3567
6743
7422
5140
6119
7367
7856
1138
4700
3956
1343
3408
6804
4339
5175
5810
787
8653
2521
3415
4439
892
1911
3298
6281
9906
1951
9276
8982
7072
3777
3324
2381
8158
4526
7958
681
8269
4223
7695
736
3820
1373
6605
4996
3286
5917
2609
9904
8216
4336
6424
9441
1843
5705
8040
3136
5589
7164
7654
602
919
6955
434
3937
3708
2800
7592
2851
1440
4600
5573
1548
1429
9322
7124
4525
706
9559
9268
2464
221
9765
838
8127
8999
9635
6767
8316
2136
8823
6205
1553
5108
5711
5335
2635
4533
6936
2323
838
6861
9377
4693
4504
6244
3106
7060
2502
8390
3012
9325
2152
1148
5737
3530
2565
1660
6803
8186
9936
2002
2248
5596
5488
3797
5335
896
1230
2150
3896
9715
9826
1058
1294
3785
6059
6274
2663
321
9479
2499
6209
2220
2187
2365
6458
3568
8998
3980
9382
694
5989
8234
224
3862
7487
7885
3099
3555
5233
9469
1507
5161
9614
3370
7255
864
4433
1965
2550
2046
1132
7060
4422
2152
5633
2331
9673
5783
2670
2989
9781
8844
1577
2512
3693
1009
8949
3781
6684
9848
97
3836
4910
703
4948
9597
9290
2252
7643
696
3818
5438
6799
1377
2210
6708
4626
3290
5821
8729
6264
4398
1825
4573
5022
5798
8992
7124
9221
7506
442
8936
9296
4424
8411
3345
438
8035
9042
6700
793
6403
3384
298
2035
1043
347
9783
1994
7483
6745
3557
2291
1670
4303
9177
5748
818
860
8465
3166
3352
3465
8732
5193
4313
3586
1040
7157
6036
1893
717
3967
5623
3252
2120
3785
2309
5470
9542
6028
3671
9964
9923
8014
7628
2953
8466
9468
9737
7810
3380
9704
3144
8097
9570
5537
2175
9125
1834
1168
8390
2546
1076
1478
9683
9318
5573
9561
2209
9021
9585
7085
1584
8263
1753
1733
9329
5382
3418
1471
2652
3782
6209
7879
2645
812
3096
3267
727
8523
9110
5306
8401
3910
8030
1204
6478
29
7955
6654
8861
9932
7305
9981
7202
9574
8441
8432
215
2269
6600
4549
4954
7411
3117
3325
5964
9291
8143
3019
3780
9999
9989
7642
7598
6932
4127
1615
6291
942
4443
3191
8052
4510
150
6652
2797
9029
153
8879
7621
2582
1510
1363
2343
6559
634
7572
5031
5047
8671
1436
7912
3761
6656
8460
747
7406
3153
1483
2473
1244
5408
1888
9985
7471
6459
3018
9938
3958
1165
1262
739
8244
2914
7772
7870
3066
5636
8268
3330
4889
2408
526
6970
9924
1928
3906
1646
4231
9491
4678
2994
4577
8688
5647
8132
116
5805
9780
6207
5225
5202
4674
8660
6987
5380
1105
1897
1176
5877
3245
8943
7880
7827
3228
5937
1114
9839
7647
1567
5220
7042
8676
1589
9736
4432
2690
851
220
8073
91
1128
3105
6743
9400
2559
5223
706
2564
9893
3587
5692
3475
3441
4362
8170
5701
5486
6284
8877
1803
1643
119
641
2382
6631
426
9139
5108
9851
7476
6294
9554
2203
6899
3235
3719
9543
4866
4050
2994
7844
5359
9599
4560
5322
7809
4859
6066
8053
9731
239
1703
7893
4335
7612
7152
5913
2728
7529
7460
927
6429
304
5720
2260
8521
8527
8080
7467
4919
8461
2268
2898
1769
4739
6033
4569
6100
559
2459
8258
3417
6648
3585
8634
1463
5997
8672
1251
630
5695
9363
4109
5512
2065
2044
9986
6148
6217
1056
4079
8593
7021
7792
1618
2442
3368
4000
4406
1435
2717
4941
2192
7136
9872
9805
7666
188
5573
4677
8992
3995
3156
3879
1935
928
2325
1842
1862
8173
6790
4747
2888
7275
9217
7727
8738
1017
453
6276
9415
8090
6729
2492
3204
929
4041
5960
5116
2647
1310
4089
9848
9286
8287
1985
796
5054
8418
7240
7766
4066
4182
3046
1272
2692
687
3815
354
1083
7141
874
5051
5655
6437
5428
2313
7984
326
1789
5128
6089
693
3539
3547
8048
4233
5001
3562
1263
2351
1833
1667
7609
4541
8279
5823
8008
8768
5248
2358
8161
6679
2795
3557
2189
2665
316
3537
3464
7938
1403
3801
9159
314
1619
2298
7060
2942
5688
9473
7513
9501
3021
5471
6548
3344
3362
1001
798
4091
1655
6479
1686
5693
6772
5980
8693
5409
4989
176
4324
8058
9376
1894
1485
4753
10
8025
4676
4937
468
617
5787
6030
2312
4793
7776
6864
8085
9764
3926
560
220
6834
7716
4252
9401
6914
7170
3004
8729
7596
7716
4086
2997
2008
9458
6311
3935
7881
6734
8787
9804
4594
6626
584
37
1560
1528
4579
5167
5381
907
4040
5650
9307
6402
9141
5622
1147
8910
9170
8870
9059
3554
9572
6207
8392
5332
5441
2076
1953
6006
4746
7059
2700
5844
513
2710
1692
8517
7525
2527
2596
3922
9941
4285
2538
9156
3319
8278
1414
9042
9136
3069
4372
9823
6144
3879
9136
4596
3621
8467
7678
7032
2820
7087
8542
3170
3921
8045
704
1330
2331
8974
6825
7884
8996
7308
5410
13
168
3093
8105
9215
5725
3267
6
4731
9101
6196
2565
909
6927
7032
1695
3421
3936
5952
5824
4649
4702
5199
3296
7183
4360
385
5877
7175
3526
8177
6135
1452
2858
5644
2173
1221
6662
9548
8874
8428
9345
9197
5519
4555
5208
1756
7894
541
1370
9321
7654
5912
5493
3181
4548
8610
8628
2952
1775
1588
1315
1744
7845
721
1663
5354
4163
4578
8131
4106
7908
6818
9816
4347
6843
2645
7717
6339
9752
6994
5762
393
4454
5009
9377
9802
920
8171
8245
6920
372
8608
2143
6005
4200
9559
1135
9365
5442
2972
3772
2959
534
7607
1921
1099
7519
6572
6503
4237
9364
6744
5663
2830
6047
6617
6912
5072
4938
7918
3287
9492
3216
4914
338
8217
5737
3405
5242
3454
800
8822
5189
7835
5376
7864
724
7991
8144
8554
8854
7673
8160
1611
4321
6904
5504
7411
5576
3026
6533
237
7700
870
4544
7366
990
970
9343
262
7602
6993
3748
9875
4742
3149
9361
7560
4295
399
8250
3845
3826
4884
6925
4408
2496
1710
847
5962
7698
2247
4393
9261
3469
6307
3124
1133
7512
537
7455
6463
1271
9196
5860
3424
910
489
4370
4045
6577
3144
3547
8362
981
3742
8572
4036
2275
9520
1675
7463
9741
9514
2374
7334
2320
3387
9293
8320
3878
8860
5124
5768
466
4166
5639
3055
9619
1928
1471
6744
226
8690
4480
1994
573
8869
3386
3312
582
7802
482
4076
9557
9536
9612
461
3091
9543
1019
7974
2941
471
992
599
4494
6636
5097
3016
5487
6612
2941
6470
6071
8111
2668
7811
6495
5126
8030
1406
3177
9689
478
7430
8157
6229
6759
5136
825
7412
3569
6593
8929
889
9294
4018
4631
7109
608
7777
9587
2997
9705
3360
3124
9221
2380
6467
109
3001
6016
9518
3606
2628
4937
6750
1544
7431
6423
1509
9
1497
7704
2089
209
525
6852
8541
613
1344
6731
8644
814
5447
821
5764
4127
2729
9888
8078
1075
1971
1932
7501
6313
9716
5711
4966
3391
3309
2909
8993
4214
7408
8823
3020
446
8486
4757
7825
2157
1326
8547
2967
2687
151
8361
9854
9563
305
2054
8215
2743
5755
1310
2642
2615
1824
7442
939
8289
7624
903
4547
9384
6605
8861
4429
2141
4476
301
2543
3785
6931
2717
4064
2746
648
121
6501
2458
4343
5426
2457
1376
7118
3753
2041
7162
1879
7273
7029
3754
9034
3962
9663
1433
9520
3328
9460
139
4839
6767
9132
8896
3807
3890
592
6810
8503
3027
7290
62
1223
4587
7135
2577
5084
2771
7160
1443
7863
1840
3343
5955
7901
1448
599
79
1537
6917
8661
4339
8279
3460
3810
9242
7200
5672
1371
1652
9344
3799
9404
9484
2582
3102
8147
4174
9093
5138
6149
2522
4238
8175
2571
7885
7817
4179
5731
1236
3679
7924
308
1887
2562
9929
3123
8906
5680
598
9648
7798
9305
4006
8549
220
5352
6864
3288
525
2917
2794
8895
6729
3709
5066
2526
8093
3220
5944
3501
2479
2478
3337
2094
2233
6142
5686
8698
8420
3460
2008
6503
5981
7397
3988
9742
6940
8224
7969
568
119
772
589
2452
8591
5802
8818
6163
6586
130
1579
1714
5478
3480
625
3337
5336
9193
4616
5928
7641
1541
759
4751
62
4051
5877
327
203
6868
1491
6385
6695
590
4411
1859
463
7904
3726
2976
2385
1903
9880
6357
3595
5510
3379
6961
6985
5386
7542
7361
7110
622
5415
2505
432
837
2324
5577
77
1923
4359
9100
9986
8413
2584
6585
3732
1548
1123
4137
2932
7609
6773
1272
5439
160
3658
7255
6190
7242
1079
3201
3487
5482
6706
7235
8633
593
1709
6052
344
9397
7149
4631
6299
5211
2885
9198
8136
594
5788
666
4130
9086
3804
2586
7766
1524
2343
8982
1257
5404
1960
9658
308
7403
782
8975
6639
3994
2742
108
310
696
2717
1112
4483
2707
5992
4407
8918
3120
944
1092
5411
116
1139
7683
9073
6925
2031
185
2698
7814
7163
8609
4903
3883
2490
9793
4246
5441
4475
6080
8250
859
2989
2916
2819
4813
8244
5581
9991
3081
7946
2655
3271
8453
1142
1582
4130
1053
1108
8930
72
4891
7925
7246
2227
9549
1129
8220
7395
6478
3101
7547
3557
9029
8948
9569
9705
8585
5557
7975
8122
1478
4065
8908
3577
8968
4860
3106
1288
8984
4527
2743
3566
4109
7965
4790
6421
5389
6787
2044
931
3268
4669
329
1526
8728
2934
6116
4196
5508
8749
7851
1544
3063
8107
784
4430
6979
1200
558
8125
7896
6848
2483
5281
6339
8768
5536
7199
2903
4915
6565
4956
8938
9845
4678
9502
2995
3125
3113
9313
3903
7429
3546
1148
2058
7820
8297
5138
2698
7983
8255
4069
1321
8816
7320
3150
2670
1167
9464
8161
3921
8327
5449
1881
6325
417
1344
9342
3019
861
3335
2560
5334
4721
9285
1383
8136
1962
3645
7893
2199
4616
7828
1328
6831
2530
7336
5649
6150
3471
252
2566
3755
91
218
803
2410
8840
683
5974
5304
1709
8120
7625
1626
4792
9926
50
9286
5226
9105
2909
6333
8740
8788
9140
2107
9073
5624
8576
1349
5901
4020
7875
8438
9599
3342
8347
7906
9041
1972
699
3913
9375
6739
4366
9550
8051
7874
9891
1824
1513
4239
6766
9332
7142
3867
5834
2771
1577
4352
2103
8341
494
3335
3020
7958
3779
5796
9996
122
9744
9999
2673
2309
8625
7491
7321
4549
8087
4097
2252
1462
6883
9486
2693
9531
652
3117
2042
771
9215
5577
6228
1345
3629
419
7585
7242
3570
5057
1046
1479
8483
1305
4123
5534
2108
5006
8827
8443
1573
294
2012
4708
5609
4315
2416
8264
637
8540
9639
2941
3413
4951
8601
1775
381
5043
58
2066
791
8059
3305
7635
3972
4014
6337
6173
6703
5591
3841
1446
9856
3525
3527
4471
7484
4922
7348
8734
2145
652
6083
614
6061
9152
7574
703
9883
1640
8498
5367
6094
6752
6167
1265
4398
8398
7802
2792
5365
6121
6188
8151
2519
2054
1510
1251
5586
4907
4513
9372
234
8212
1811
5244
2594
1475
8695
1491
5129
4825
1855
1657
3586
143
2353
8604
7760
8379
5270
1087
3212
5731
8619
992
9429
4662
5066
123
7432
7094
9140
5591
8690
5668
8293
2922
4938
6896
1696
821
7516
401
29
9167
262
6324
1753
3749
9198
5335
1657
685
7552
537
8523
4517
3198
7511
9270
1720
2357
9885
1502
6040
6697
8512
2322
9143
1463
4292
9839
8818
1581
33
8256
3264
5767
8918
4630
4127
361
9176
3202
9896
6325
1672
2700
8706
1713
9217
6735
1670
9627
33
9341
6738
2133
1592
3086
1959
981
5475
8744
736
818
6715
1827
1841
9594
8186
2413
1136
9952
5405
2437
868
3703
7927
6721
3123
9988
816
5700
3462
4422
6773
1941
7044
1727
2743
5936
1650
8497
863
9664
2990
3673
8092
5112
6657
736
3942
5760
4547
555
7346
1948
4273
7212
6964
9175
6920
2676
6605
707
2422
3973
8200
295
3518
6786
8815
9003
9864
8182
907
1167
752
7976
2150
2516
393
27
7902
4398
5235
8211
1708
6084
9653
437
629
4160
772
3219
3544
7722
1538
6829
3183
2596
9854
6346
1765
1755
6339
3337
2055
2670
5718
4533
4427
5316
3318
719
2008
5299
6431
5628
7223
7650
3721
4133
5665
754
5672
7349
3104
8666
6812
4949
8678
3726
466
7972
8200
5829
859
6739
8477
8466
4860
2820
268
2518
1441
721
5666
8961
3290
3952
9791
3616
626
2864
5368
8149
1057
631
3272
1973
4461
7317
3675
8489
3303
8082
4774
1050
2791
8004
1995
2029
435
4770
166
7094
6923
1988
7399
3467
6242
775
690
8970
1786
9551
1390
5088
1887
6099
8256
981
3975
1654
6373
428
4233
4158
6516
1556
3772
8147
8850
799
3066
4901
8000
9905
7893
1591
8564
2461
2655
2527
8634
4282
3431
6096
5402
7062
5052
9120
9916
6260
7199
6062
3312
7540
1680
2236
4168
3942
4810
4317
8853
7580
5570
5367
4523
583
1533
1003
6735
903
8609
5189
2825
6211
2693
5537
6734
4708
7901
8670
3235
9953
9098
8263
9081
7775
9704
5782
7062
1359
1779
4916
363
6103
9858
4693
7392
9271
803
8076
4840
3672
2664
4647
4071
4327
5598
5595
8288
4652
1346
7921
8765
3544
4542
2112
6895
5645
2369
8264
6085
8524
8001
639
231
3173
5091
2010
4890
8995
9700
6742
2091
3019
6049
2767
1595
8210
6256
5336
4699
7885
3008
5999
9624
3452
7789
1189
3491
1795
8125
5524
6407
2199
9392
4880
9083
1331
8908
5473
7763
5212
4239
5208
5368
8866
6942
2547
8982
9353
5292
9479
407
1648
5432
4300
4447
521
3311
9679
650
4199
229
1847
3412
8332
3024
585
3147
7025
4151
6686
9999
4409
9364
4987
6636
3718
7515
6900
6894
4346
7394
4311
4156
4618
4358
8719
5401
5285
1895
2417
4202
721
7179
4251
5798
1001
4576
4865
8740
1946
744
8808
898
5148
8941
9506
2387
7824
8719
7590
7516
8120
6009
5423
8673
357
9458
1197
1081
2900
2849
8536
1746
2800
9183
5221
8700
3841
4464
8486
2315
1957
2002
3315
809
4474
3253
1447
4883
5788
4170
7222
3682
9051
3418
7051
4153
1957
4555
2927
8188
4363
4654
9041
8928
4175
6739
495
1350
4790
6525
2624
3659
9198
5079
392
5018
2019
9571
8590
1250
4446
4942
389
1317
9871
3284
6407
6367
2300
321
4795
7541
4784
113
585
7607
731
6317
5294
4794
728
3291
4138
3575
8118
8437
128
6546
4236
9734
6318
8035
2244
2393
5195
1811
5693
4333
9606
1244
8682
8595
1065
1516
6887
3637
557
5156
1706
6573
4027
5682
7012
6985
4970
550
3584
2445
497
255
4730
3395
5949
3621
9322
3464
2367
870
509
6510
505
7221
7283
7041
3457
4735
9473
945
6807
9902
4123
2172
3185
3284
2163
2859
2715
3466
4011
1169
5586
7457
5227
6178
8712
2935
3847
6672
6894
8884
9216
4593
559
9842
9851
1746
8982
4117
3701
4040
4437
6130
1738
4469
6124
6804
9531
4085
1578
7499
6572
4143
4846
3412
3218
9337
1339
20
628
7937
8762
6193
5458
9032
7419
6778
1315
3321
1334
6905
6478
5962
7794
7296
885
9300
4713
2766
8362
1075
9814
8706
3178
3054
7322
573
8078
4262
2010
299
9652
8660
5723
369
2394
2100
879
8760
4350
952
2357
3821
3775
313
5802
6720
8242
9474
3939
8454
1831
2351
9662
8634
2776
6250
2690
6314
6529
2206
6355
2225
4316
4725
9393
8970
5049
1830
5392
4111
8551
5201
756
9696
1538
5789
4644
2825
1257
1772
3895
3339
2333
8263
4252
6045
2846
6594
5167
6405
2902
2548
2234
6034
7412
5598
4403
6910
7178
4424
7369
9183
4973
339
9293
9219
9190
1838
7456
4951
7321
4994
3135
3959
3802
1005
6493
1815
9303
869
7394
7698
3420
3610
5619
5031
1061
9662
7200
4037
8684
7568
5870
6062
6850
4918
3973
7004
2829
2982
7125
5360
8275
4017
1563
5143
723
640
8634
6211
3500
8792
7714
7090
2193
4161
9458
6594
9653
2257
5818
3659
664
7012
3319
424
5194
9737
4878
2769
7323
2688
5096
9161
5739
8642
8300
3685
2067
3188
6437
925
6058
6747
3219
7600
3313
6403
3132
1019
3567
6260
8223
5466
2082
3998
5956
9246
1578
937
9501
7168
3370
1726
5362
931
192
8455
7568
4669
8773
7378
6625
1388
6222
6948
9315
9132
2004
1735
134
14
1716
8564
1625
9955
8813
4942
7984
6595
32
3072
900
1663
8707
751
1302
3493
5638
8222
6380
4442
898
5046
26
1190
3292
5499
6698
1618
7693
7477
2679
9940
7978
8004
4605
7769
4322
8796
8611
8749
9294
4174
4656
8525
1687
3210
2456
7068
1166
3557
6518
4652
6710
4372
1142
3115
9899
2216
4267
2333
4560
1140
1373
5215
200
256
5972
9450
4790
5597
2784
8411
3611
6089
2771
3313
1593
8789
5715
582
8614
7619
4713
5070
8823
5750
9194
3847
8451
4592
9459
2934
1347
4572
8644
619
3561
2609
3270
689
4305
87
6404
927
776
7248
1101
7977
2916
8205
3299
3339
7126
6502
1784
8512
9154
9431
3487
561
9350
3027
6677
1746
6554
8802
400
675
4955
961
6994
2163
317
4374
2079
9577
2908
283
2138
3845
9018
2774
5645
5187
6473
9899
9997
4535
5601
7369
1321
668
7689
2279
3566
5776
7142
365
8278
6869
1733
6686
226
1189
6496
5739
4087
1309
8139
8325
6597
7837
7103
3740
4821
2811
2512
6207
9938
6300
7053
5
2842
6046
156
1023
6530
3727
4135
4636
9623
2430
2510
3639
2393
4311
9540
3403
2811
5196
4018
4584
6170
2790
5741
62
704
8747
4008
6086
8708
5148
4858
4098
1585
7833
1412
291
8793
1402
721
6410
3815
1277
8127
2370
3195
2704
3935
4687
7878
2935
7589
1160
4508
9941
20
2281
4004
8627
3757
8358
5049
9415
3133
5493
1448
945
4421
518
4011
7603
4083
6990
5807
4039
3080
300
6979
9080
3273
8046
260
6300
3524
7415
5706
7113
1354
5352
3133
4303
1055
8543
5779
9875
6603
2926
6207
2838
7595
5893
345
2352
1318
1681
780
7159
9246
4871
1460
9508
5848
1762
928
3980
2585
8150
8421
1702
3326
6548
8928
9938
6319
7140
9669
4181
4625
3103
4379
6745
2720
5228
7939
5677
2751
2708
8586
2223
3204
5813
2717
8823
5231
7989
7960
629
9224
2338
593
376
8010
4919
9051
8177
7640
9465
8965
7923
662
8905
2445
7569
781
2212
6922
2892
921
467
3558
8384
62
1472
6624
3597
3535
307
6544
4786
6864
5916
5616
9422
7763
4241
7576
1923
4719
9987
8338
1026
1091
7286
768
8574
9066
8523
2982
440
6454
1778
939
268
898
9997
1801
5543
5483
4535
2668
5858
210
8806
707
7549
658
4934
77
9359
9998
6635
9907
8093
6813
9778
7364
1254
7763
6324
2395
894
3790
130
3419
1625
5130
7780
7993
6160
3524
9387
9713
3117
3666
2820
7220
5151
6702
2051
8083
8266
3514
6434
7272
8844
24
6379
9626
2311
4157
2529
3619
4283
1200
4522
72
1802
152
7476
9074
3379
647
9318
5578
2190
3630
2785
4745
6548
7640
4905
2203
395
7012
7450
9285
5160
2692
2036
721
9079
3145
6707
6751
1730
3244
6623
4871
2721
5402
6446
462
7357
7917
1940
5860
5653
4792
6913
9810
2364
5950
3270
428
6729
1300
8902
5495
4472
3382
8089
3443
6805
9047
6004
6895
6999
5446
8618
7106
1827
540
557
9568
3549
6542
9226
9154
3772
818
954
4126
9100
3819
8378
4540
3887
4933
7563
8669
7183
4199
4748
7678
2769
8464
7375
141
9863
4057
7785
9229
9222
4880
2621
1186
162
9918
4865
9991
8273
5368
9503
7438
5697
4925
5255
3291
7157
895
9183
3737
3590
815
90
6376
709
7600
9488
2940
8378
5883
6000
7172
2357
2518
9879
8550
6050
1274
655
1231
5751
1176
8949
9406
7801
945
8751
1074
7849
1447
7278
8556
2678
9457
95
2486
6821
9049
6119
6196
7212
9534
3322
5431
2797
1885
2957
6683
9337
6555
4295
1507
943
535
7059
2941
591
1430
5170
2301
5183
2547
1098
27
4158
2240
6800
7061
4982
3044
1883
7996
4908
7815
1751
6207
9496
9402
6509
7757
8553
6579
468
4211
154
4344
3704
6553
9877
4171
8100
3359
3003
9607
5729
2595
6052
3684
2729
412
6209
5522
6273
2126
2933
6788
7309
2808
4139
1250
2369
3462
6084
7083
8565
3620
364
9411
7146
7093
1716
2608
1407
4515
8941
3328
355
8875
4437
5022
5019
6011
2601
7539
6893
5740
9497
8062
2298
774
380
8710
3366
1497
5727
5380
2631
6796
3733
1713
8300
7321
2938
4798
6446
4650
7332
7945
1745
1155
9813
259
5841
7450
5508
7770
7319
9151
5164
6181
5299
610
1431
8473
8565
7487
9381
4413
5859
4727
6728
5752
3216
708
6012
1013
6439
4864
8810
4803
9080
8164
889
5766
8833
4471
1857
1110
8317
1604
7387
9801
5101
8810
7367
6516
1276
507
8929
8666
6797
2399
4133
4127
4030
1567
4779
8651
6633
5481
5756
9934
2482
7931
2893
3231
7082
7807
5789
1426
9032
2317
6356
8982
1279
490
7621
9029
8532
863
8262
2723
2715
4945
7672
6362
4492
1916
9815
3191
3220
9273
9670
5874
6475
707
2240
3535
7624
5772
6854
2511
9363
9628
3999
7847
5544
4988
2103
1162
1707
2004
4737
5923
4149
9567
5865
4197
7613
2085
3605
3797
4881
3330
3897
4898
4575
8481
8881
760
1743
1228
875
6857
4970
6465
7387
1271
2404
8402
8092
1729
4927
8920
782
180
1383
4599
2655
969
4721
4887
7428
8125
9904
1387
3523
162
8301
6669
2916
7181
1771
1307
1600
530
8728
7587
2716
7446
6344
2759
3098
496
5184
9594
5429
5977
4683
3280
437
3711
4054
1959
1784
1289
700
8986
5374
1935
3566
7111
6233
2078
1047
1269
1863
5370
6893
9999
8934
7127
4662
5787
8735
6164
3353
2437
7085
514
7040
4150
2442
7759
6518
8405
7969
6606
5449
8071
4119
9644
7324
6431
7907
941
1442
8434
6041
1976
3874
3041
3530
7686
6813
2082
73
1117
1148
5697
6726
1375
9606
9834
9438
3066
3070
4364
3189
3174
5580
2268
7948
7944
3184
2534
3049
148
4545
1844
7837
2160
9556
6907
1129
7003
7323
8023
5986
4264
2143
774
5495
6020
1194
6127
9536
4035
4576
3797
9478
2053
7217
7427
3540
5995
936
131
2235
3057
4676
1992
8288
4279
3151
9253
5272
2168
7806
8598
7081
9574
9248
659
7479
8946
7325
8428
9645
5806
4317
8620
9832
9281
8439
7591
4771
1271
3474
6558
5977
2070
2873
4700
5931
6458
4339
3401
4643
9610
8884
5894
948
7458
7825
8044
5295
5683
1259
1102
1620
8305
6633
4299
4976
4344
5280
6165
9702
261
2377
6563
8194
2172
7473
4574
3023
9014
4610
4126
1897
32
3864
1071
3401
9742
1582
5969
1370
2883
6632
2086
9553
6180
6702
6037
3675
1781
3521
3646
241
8429
875
4784
2632
6709
5672
8336
9667
8951
2737
4976
2210
11
4401
88
7052
603
9372
5466
1519
8973
12
8833
1186
2813
4808
5357
4195
9846
2906
8917
61
8158
3906
358
5619
4650
5324
7254
5590
551
7843
4819
8663
7925
2112
7673
614
1140
6353
7334
4222
6096
7150
3197
7361
4476
2309
5180
5120
1743
307
9757
9959
1704
3969
1328
8115
7478
3563
4691
1394
2723
4459
1177
5759
7040
7477
1870
2884
3604
9711
8823
613
2671
9131
3446
5028
7993
4196
1627
6756
2371
1648
3236
6733
7381
2485
7994
3579
7010
9843
7494
122
363
4662
638
7120
4490
5200
9482
3780
1842
1412
4442
8581
6173
4899
4164
3043
4863
3337
6415
9289
5003
3281
4765
2633
7678
1191
5568
2975
7078
534
4100
1411
8289
8538
5036
2396
3771
4207
9955
2721
4052
766
2688
6017
2290
7847
5365
6249
3136
4488
9640
5205
2404
537
7605
3093
2103
5316
2604
7762
6136
4267
2228
9672
4379
5396
1043
1515
3621
4663
7555
8233
8097
9781
9061
6063
7525
3534
57
9210
2018
2071
2143
2141
1601
1556
6272
2395
3036
7362
2407
5771
7915
7770
7528
1711
90
6970
4958
7072
6238
6974
8815
1738
8050
8912
5505
5697
3365
954
2038
4538
6382
6704
2433
8974
947
2467
2491
2339
9491
4740
2872
9808
1989
7199
4990
9375
689
4041
1985
7221
9737
2557
375
8386
6455
6076
9278
60
4467
3860
1632
307
8180
1777
4795
3867
1922
1014
8222
9921
9127
8527
5059
7076
2883
2601
2317
6969
2307
1873
3871
7780
2599
8675
4747
7331
983
7661
6696
9528
3664
9319
6414
7385
925
6675
9844
6120
1122
7852
5975
5379
1333
2982
8118
2313
2276
2570
5042
3126
7167
6419
3121
2692
264
6123
3809
4805
492
9653
5218
8881
9406
3207
4035
7930
5319
4298
1529
4728
8517
4721
6192
2386
651
1366
6106
746
4988
9444
7290
9582
9820
8326
3488
9011
9488
980
9725
8785
3375
3899
7288
7109
17
7617
2703
2737
2635
7821
3419
171
7543
9203
7176
7041
8682
9417
1663
3693
4383
9432
4781
9114
4724
6626
3870
2849
8012
4961
7260
7479
572
1320
7232
8750
3552
8392
608
2399
9810
3328
3015
5566
378
9023
5763
6934
7345
5648
1074
7130
6832
2713
2466
3029
4822
8656
2160
2994
389
2512
5103
8886
6120
8190
6216
4356
9733
5629
6152
7836
7551
4350
4846
1067
3976
1341
1100
1065
5352
6118
8281
4499
3990
7454
8586
8883
1476
5984
5657
6579
6544
3319
4919
521
5035
4615
4509
3488
9057
7978
9220
8870
2232
9622
5758
4439
7123
6845
3349
9857
8708
782
1863
2475
9959
7477
6530
4032
8552
8153
8848
8691
2771
7900
9913
8047
2392
4986
6493
2107
1895
1509
9588
9506
5051
5902
3237
2804
329
2013
7589
2358
7022
1158
2032
7814
6212
673
2600
6811
4701
6604
9264
4079
1767
1218
4286
7811
8660
9634
3540
3051
7357
2863
3198
8112
7579
3493
4843
3167
6728
4572
9537
5606
6488
5882
4787
7161
1454
1064
5758
5635
3462
8565
4941
9081
933
3588
8533
383
6819
546
9647
1929
1148
7552
5577
6943
4044
4701
3844
9910
7429
7138
5898
5947
778
6527
831
9517
1845
9531
5946
2055
2638
8476
3126
3557
5990
1212
4553
73
9896
1947
2776
5591
517
8812
5782
1830
9519
7133
3876
7927
6264
4053
4950
4091
1768
784
7961
6410
911
6605
5953
152
6243
9358
9010
9368
259
4507
2943
4958
8194
7609
7431
9180
2947
8994
2170
9624
4270
6756
307
9548
3742
2728
7590
8952
2919
7493
3488
9987
6132
6511
2883
404
394
1735
9376
6207
4499
7135
4833
8136
3785
366
5553
6779
363
5193
4512
2648
1405
8408
5364
270
8828
2365
2788
6820
6669
6396
6961
895
6250
8598
6899
9369
3943
7245
6257
6631
9261
3842
6428
2653
4688
8348
215
5940
234
5829
5854
4061
6451
1383
3657
7206
8838
4584
8237
2981
9797
793
3998
8317
2134
7370
8489
8596
4624
2957
8188
2118
6216
1144
9662
7651
9481
7169
8710
3167
2206
3045
146
6557
2893
7143
9356
1657
2992
8272
9666
8156
9065
180
4591
6647
3058
3563
8263
5115
956
1406
8808
1994
1477
502
1889
1873
2100
5594
7895
1696
8960
9228
183
9333
1217
2686
2193
4334
9326
509
1616
7401
2744
3707
5187
6393
5530
9652
1605
639
8648
3470
4621
7622
4743
8514
3277
7879
4473
2988
9466
1796
1595
6178
3920
9449
3338
8115
3536
3690
8941
2283
4773
4329
3489
961
8913
6471
4860
3742
596
2349
4852
9065
4872
1567
1455
3341
5823
2533
1952
8158
1179
225
4483
486
588
6721
6375
3549
6530
6914
5198
9212
2191
4113
6534
1468
2727
2318
7203
1055
2887
9234
9001
2771
575
8832
7153
724
5905
2452
7638
9401
8500
8014
8834
2131
6759
9842
9708
8137
5821
6611
6054
3893
6741
8653
9804
4692
4313
3799
9585
6967
3095
1591
3649
8335
9325
998
7954
4168
6353
3065
8437
2851
6447
1588
7881
1892
5892
5524
305
9994
6588
7058
6047
2235
1694
25
3524
1358
6400
8948
418
9227
6965
9737
3421
6549
4016
4524
1647
7876
3585
7380
2670
5122
9203
4302
6528
1967
4157
7795
7094
8254
