3
3
5
7
8
8
8
10
14
14
16
16
16
17
17
20
20
22
31
31
31
33
34
34
35
36
36
37
39
41
43
44
48
48
49
50
52
52
52
54
54
54
54
56
56
56
56
57
58
58
59
60
61
66
69
69
69
70
70
71
72
74
75
75
75
77
78
78
78
80
84
84
87
88
88
88
94
95
95
96
98
101
102
103
104
104
106
106
106
106
107
107
107
109
110
110
110
115
116
117
117
117
119
119
120
121
122
124
125
126
129
130
130
131
131
133
133
137
140
143
143
144
144
144
144
145
145
145
150
153
154
154
154
154
154
155
155
157
158
159
161
161
162
163
163
165
165
165
166
166
166
168
171
172
173
173
177
178
179
180
181
181
181
184
184
184
184
189
191
191
192
193
193
193
195
196
196
197
202
202
202
203
204
204
205
205
206
206
206
206
210
210
210
212
213
213
213
214
215
215
216
216
217
218
224
226
227
229
233
234
234
235
236
236
237
238
239
239
240
240
244
244
244
245
245
246
248
250
253
256
257
257
258
258
259
260
261
263
264
264
264
265
266
268
268
270
270
270
271
271
273
275
275
277
278
279
280
282
283
284
284
284
285
285
285
287
290
290
292
293
293
295
296
297
299
299
299
299
300
300
301
301
301
301
301
303
303
304
305
305
305
308
308
310
310
312
314
315
315
315
316
316
317
318
318
318
320
320
320
320
321
321
323
323
325
327
327
328
329
331
333
333
335
335
336
337
339
343
344
344
345
346
348
349
350
350
350
351
352
352
352
353
353
354
355
356
358
360
360
362
362
363
363
364
364
366
367
367
368
368
370
370
371
371
372
374
376
376
376
376
377
377
378
379
379
380
380
380
380
380
380
381
381
381
382
382
383
383
383
384
385
386
387
387
388
388
388
389
390
391
393
395
396
397
400
403
404
405
406
407
408
408
410
411
413
414
415
415
416
417
418
419
419
420
421
422
423
423
424
424
425
425
426
427
427
428
428
430
430
431
432
432
434
437
439
439
439
440
440
441
441
442
443
444
444
445
445
446
449
449
450
450
451
451
452
454
456
456
457
457
461
461
462
462
462
462
466
467
467
468
468
470
471
471
472
473
473
477
477
480
480
480
481
482
482
482
484
485
486
487
487
487
487
487
488
490
491
491
492
492
496
498
502
503
504
505
505
505
507
509
509
509
510
512
513
514
515
516
516
516
517
518
518
521
521
522
522
522
522
526
526
526
527
530
531
531
532
533
535
535
536
536
538
538
540
542
542
542
546
546
547
548
548
548
549
551
552
552
553
553
554
554
555
557
558
559
559
565
565
568
568
569
569
571
571
571
572
572
573
577
580
582
585
585
587
587
587
588
589
590
592
593
594
595
596
597
598
598
598
599
599
600
601
601
602
603
603
604
606
607
607
608
608
609
609
611
611
614
615
616
616
617
620
621
621
621
622
623
624
625
625
626
626
626
626
628
628
629
630
639
639
640
641
643
643
643
647
647
649
650
651
651
652
652
652
653
654
654
654
654
655
655
656
658
659
659
660
662
662
662
663
665
666
666
667
668
668
669
669
669
670
671
671
671
673
674
679
680
681
683
683
684
687
689
689
690
691
692
693
699
701
702
702
703
703
705
705
708
709
711
712
713
714
714
714
716
717
717
720
721
721
722
724
724
724
726
726
728
728
729
730
730
730
732
733
733
734
735
735
735
738
739
739
739
743
743
744
744
744
745
746
746
747
748
748
749
751
753
753
754
755
755
756
757
758
760
761
762
763
766
766
766
767
768
769
769
771
772
772
773
774
774
774
776
776
778
778
779
779
783
785
785
785
786
787
788
788
788
789
789
789
791
791
791
791
792
794
795
795
798
798
800
800
803
804
804
807
810
810
813
813
813
815
815
817
817
820
820
821
822
824
826
826
827
828
832
832
833
834
835
837
837
837
838
839
841
841
841
843
846
846
847
848
850
850
851
851
855
856
858
858
858
858
859
860
862
863
863
864
866
866
866
867
867
868
868
871
872
873
875
877
877
877
878
878
879
879
879
882
883
884
885
887
888
890
891
892
892
892
893
893
897
898
898
899
901
903
903
907
907
909
911
911
912
914
914
915
915
915
916
916
918
918
919
919
919
920
920
920
920
921
921
922
923
928
928
930
930
931
932
932
935
937
938
938
939
939
940
940
942
943
946
946
947
948
948
949
949
951
952
952
955
955
956
958
959
960
960
962
962
963
965
966
967
969
974
977
980
981
982
983
983
985
988
989
989
990
991
991
992
994
994
997
998
998
998
999
999
999
999
1000
1002
1002
1004
1005
1008
1010
1011
1011
1011
1013
1014
1014
1014
1018
1021
1022
1023
1025
1025
1025
1026
1027
1027
1030
1030
1031
1032
1032
1033
1034
1035
1036
1036
1037
1037
1037
1039
1039
1040
1041
1041
1042
1044
1045
1045
1045
1046
1046
1047
1047
1047
1048
1052
1053
1054
1055
1056
1060
1061
1061
1065
1065
1065
1066
1067
1070
1070
1070
1071
1074
1077
1078
1079
1079
1080
1080
1082
1084
1085
1087
1089
1090
1092
1092
1092
1092
1092
1092
1094
1095
1098
1098
1099
1100
1100
1101
1102
1103
1104
1104
1107
1107
1108
1109
1110
1111
1111
1111
1113
1117
1118
1119
1119
1120
1121
1122
1122
1123
1124
1125
1126
1126
1126
1127
1129
1129
1130
1131
1132
1132
1133
1136
1136
1136
1136
1137
1137
1140
1141
1143
1144
1144
1145
1145
1146
1148
1149
1149
1149
1151
1151
1151
1151
1153
1153
1155
1158
1158
1159
1159
1160
1162
1162
1162
1166
1167
1170
1171
1173
1175
1175
1176
1177
1177
1179
1181
1181
1182
1183
1183
1184
1185
1185
1187
1189
1191
1192
1192
1192
1193
1193
1193
1194
1197
1198
1198
1200
1200
1202
1205
1206
1207
1208
1209
1211
1211
1212
1212
1213
1213
1213
1214
1214
1214
1215
1216
1216
1217
1217
1218
1219
1219
1220
1220
1220
1221
1222
1222
1223
1223
1224
1224
1224
1224
1226
1226
1228
1228
1229
1229
1229
1230
1230
1230
1231
1232
1232
1235
1235
1236
1240
1240
1243
1243
1244
1245
1245
1245
1246
1248
1249
1250
1252
1253
1253
1253
1255
1255
1255
1257
1258
1262
1263
1265
1265
1266
1267
1267
1268
1269
1270
1271
1271
1271
1272
1276
1276
1282
1282
1282
1285
1285
1287
1290
1292
1294
1294
1296
1297
1297
1300
1300
1301
1302
1305
1305
1306
1306
1307
1307
1308
1308
1311
1311
1313
1313
1314
1314
1315
1317
1318
1318
1320
1321
1323
1324
1325
1329
1329
1330
1332
1334
1336
1336
1337
1338
1338
1338
1338
1340
1340
1341
1341
1341
1341
1342
1345
1345
1346
1348
1348
1350
1351
1351
1352
1353
1353
1353
1353
1354
1357
1360
1361
1361
1361
1362
1362
1362
1363
1364
1364
1364
1364
1365
1366
1367
1367
1369
1371
1372
1372
1373
1376
1376
1376
1376
1377
1378
1379
1381
1383
1385
1385
1387
1388
1389
1390
1391
1391
1392
1395
1396
1399
1399
1402
1403
1403
1404
1405
1405
1405
1405
1408
1410
1412
1412
1414
1417
1417
1418
1418
1420
1420
1420
1421
1422
1425
1426
1427
1428
1428
1428
1429
1430
1431
1433
1434
1434
1434
1435
1438
1440
1441
1441
1442
1443
1443
1444
1444
1445
1445
1445
1446
1447
1447
1447
1448
1449
1449
1449
1450
1451
1452
1453
1455
1457
1457
1458
1460
1461
1461
1463
1463
1465
1467
1467
1467
1467
1468
1469
1470
1470
1470
1471
1473
1474
1475
1475
1475
1477
1478
1478
1480
1483
1483
1483
1484
1485
1485
1485
1486
1486
1486
1486
1487
1489
1492
1492
1493
1496
1498
1499
1499
1500
1501
1501
1502
1503
1506
1510
1510
1512
1513
1514
1515
1516
1516
1516
1517
1518
1519
1520
1521
1522
1522
1523
1524
1525
1525
1526
1527
1528
1528
1528
1529
1529
1530
1532
1533
1535
1535
1535
1535
1536
1537
1538
1541
1542
1542
1543
1543
1543
1544
1545
1547
1549
1550
1550
1550
1551
1552
1553
1556
1557
1558
1561
1563
1563
1564
1565
1566
1566
1567
1567
1567
1568
1569
1569
1569
1569
1571
1572
1575
1577
1577
1580
1580
1581
1581
1582
1582
1582
1582
1583
1584
1587
1588
1588
1589
1589
1589
1591
1593
1594
1594
1594
1595
1595
1595
1596
1596
1597
1597
1598
1600
1600
1601
1602
1603
1603
1603
1604
1605
1605
1606
1606
1607
1608
1608
1609
1611
1611
1612
1616
1621
1621
1623
1624
1624
1624
1625
1627
1628
1628
1629
1631
1631
1635
1637
1637
1641
1642
1646
1647
1647
1647
1648
1649
1649
1650
1650
1650
1653
1653
1654
1654
1657
1658
1661
1666
1667
1669
1669
1669
1670
1671
1672
1672
1672
1673
1677
1678
1679
1680
1680
1680
1683
1684
1684
1685
1685
1685
1686
1687
1688
1688
1689
1689
1689
1690
1690
1692
1693
1695
1696
1696
1698
1700
1701
1702
1704
1705
1705
1706
1706
1713
1713
1714
1714
1715
1716
1717
1720
1720
1721
1722
1725
1725
1729
1730
1732
1732
1732
1733
1733
1734
1734
1736
1736
1741
1741
1741
1741
1741
1742
1743
1744
1746
1747
1750
1750
1752
1752
1752
1753
1753
1756
1756
1758
1758
1759
1760
1761
1761
1762
1762
1762
1762
1765
1766
1768
1768
1769
1769
1769
1770
1770
1770
1772
1773
1774
1774
1775
1775
1776
1776
1777
1777
1779
1780
1781
1781
1782
1783
1783
1783
1786
1787
1788
1790
1790
1791
1791
1791
1793
1794
1794
1795
1796
1796
1797
1800
1801
1802
1802
1805
1806
1806
1806
1807
1807
1808
1808
1808
1808
1809
1810
1814
1814
1816
1816
1816
1817
1817
1817
1820
1821
1821
1822
1824
1824
1824
1824
1825
1825
1825
1827
1827
1827
1830
1832
1833
1833
1836
1837
1840
1840
1841
1841
1841
1841
1843
1846
1846
1846
1847
1848
1849
1850
1854
1855
1855
1855
1856
1860
1861
1861
1862
1864
1865
1865
1867
1868
1870
1870
1873
1873
1874
1875
1876
1876
1878
1878
1878
1879
1880
1882
1882
1883
1883
1886
1887
1887
1888
1891
1892
1893
1893
1894
1894
1895
1896
1898
1899
1899
1900
1903
1904
1905
1907
1908
1908
1908
1908
1909
1910
1912
1914
1914
1915
1917
1918
1923
1923
1925
1925
1925
1926
1927
1927
1927
1927
1929
1930
1930
1931
1931
1933
1933
1933
1933
1934
1934
1934
1935
1937
1937
1939
1941
1942
1942
1943
1945
1946
1946
1947
1947
1948
1948
1949
1950
1950
1957
1957
1959
1960
1962
1964
1966
1967
1967
1968
1968
1969
1969
1972
1972
1978
1978
1978
1979
1980
1982
1982
1985
1985
1985
1985
1986
1986
1987
1992
1992
1992
1992
1993
1993
1993
1995
1995
1996
1997
1998
1998
1999
1999
2000
2001
2002
2004
2006
2007
2007
2008
2009
2009
2011
2013
2014
2014
2017
2019
2022
2022
2024
2026
2026
2027
2029
2029
2030
2030
2030
2031
2034
2034
2034
2035
2038
2039
2039
2040
2042
2043
2043
2044
2045
2047
2050
2050
2051
2052
2052
2055
2057
2057
2057
2057
2059
2060
2060
2064
2068
2068
2069
2070
2071
2071
2072
2074
2075
2075
2078
2078
2079
2081
2082
2083
2084
2087
2088
2088
2090
2091
2093
2094
2095
2096
2097
2099
2101
2101
2101
2103
2106
2106
2106
2107
2107
2107
2107
2108
2108
2109
2109
2111
2112
2113
2114
2114
2114
2115
2115
2115
2116
2116
2117
2118
2120
2122
2122
2123
2124
2125
2126
2126
2126
2127
2127
2127
2128
2128
2129
2130
2131
2132
2134
2134
2135
2135
2135
2135
2136
2137
2137
2138
2138
2139
2140
2141
2141
2141
2142
2143
2146
2147
2147
2152
2152
2154
2157
2158
2159
2160
2161
2162
2164
2165
2166
2166
2167
2168
2169
2169
2169
2171
2171
2172
2177
2177
2178
2178
2179
2179
2180
2183
2183
2185
2186
2188
2189
2192
2193
2194
2198
2198
2198
2198
2199
2199
2200
2201
2203
2203
2203
2205
2209
2209
2211
2211
2211
2213
2213
2213
2214
2215
2216
2216
2216
2218
2221
2221
2222
2223
2224
2227
2227
2228
2229
2229
2230
2230
2234
2235
2235
2238
2238
2240
2240
2242
2243
2244
2244
2246
2248
2249
2249
2249
2250
2255
2255
2257
2257
2257
2258
2258
2259
2263
2264
2265
2266
2269
2271
2271
2271
2272
2273
2274
2274
2275
2275
2276
2278
2279
2279
2279
2280
2281
2281
2281
2282
2282
2286
2286
2287
2288
2288
2288
2290
2291
2293
2293
2294
2296
2296
2297
2297
2302
2302
2303
2304
2306
2307
2308
2308
2308
2309
2311
2312
2314
2316
2317
2318
2321
2323
2324
2325
2325
2325
2325
2326
2326
2327
2329
2331
2332
2333
2333
2334
2336
2338
2339
2339
2340
2340
2341
2341
2342
2343
2344
2346
2346
2346
2347
2347
2348
2348
2349
2350
2353
2354
2355
2362
2362
2362
2362
2365
2367
2368
2369
2369
2369
2370
2372
2373
2374
2374
2377
2377
2382
2383
2387
2387
2388
2393
2393
2394
2394
2397
2398
2399
2399
2399
2399
2400
2401
2404
2404
2405
2406
2409
2409
2410
2411
2414
2416
2416
2417
2419
2419
2419
2419
2420
2421
2422
2423
2423
2425
2425
2425
2426
2426
2426
2427
2427
2432
2433
2433
2437
2438
2439
2443
2443
2444
2444
2446
2447
2449
2449
2449
2450
2450
2450
2451
2453
2454
2456
2456
2460
2460
2460
2461
2461
2462
2463
2463
2463
2463
2463
2465
2469
2469
2469
2469
2470
2472
2474
2477
2477
2477
2478
2478
2478
2479
2480
2481
2481
2482
2482
2483
2483
2484
2486
2488
2488
2489
2492
2493
2494
2495
2496
2496
2498
2498
2499
2500
2504
2504
2507
2510
2510
2511
2514
2514
2518
2521
2523
2526
2527
2528
2529
2529
2529
2530
2531
2533
2534
2535
2537
2538
2540
2541
2541
2542
2543
2545
2546
2547
2549
2549
2552
2552
2552
2553
2554
2554
2554
2555
2556
2556
2557
2558
2558
2560
2560
2561
2563
2563
2564
2565
2567
2568
2569
2569
2569
2570
2572
2573
2575
2576
2578
2584
2584
2585
2585
2586
2587
2587
2588
2589
2591
2591
2593
2594
2597
2597
2598
2599
2601
2603
2603
2605
2606
2608
2608
2609
2611
2613
2613
2614
2615
2615
2616
2616
2617
2618
2618
2618
2618
2619
2620
2620
2620
2621
2622
2622
2623
2625
2626
2627
2629
2631
2631
2632
2634
2635
2635
2637
2638
2639
2639
2640
2640
2641
2641
2641
2641
2643
2644
2645
2645
2646
2646
2646
2647
2648
2650
2650
2651
2652
2652
2653
2654
2655
2657
2659
2659
2660
2661
2663
2663
2664
2664
2664
2667
2667
2668
2668
2668
2669
2669
2671
2672
2672
2672
2672
2674
2675
2675
2677
2677
2678
2678
2679
2680
2681
2682
2683
2683
2683
2683
2685
2685
2686
2688
2688
2689
2689
2690
2690
2691
2692
2692
2693
2698
2700
2702
2702
2703
2706
2707
2708
2708
2709
2710
2710
2710
2710
2712
2712
2714
2714
2714
2714
2716
2716
2717
2717
2719
2721
2721
2721
2722
2723
2724
2726
2729
2729
2729
2730
2730
2734
2735
2736
2737
2737
2737
2737
2738
2738
2741
2744
2748
2748
2749
2751
2753
2753
2755
2755
2755
2755
2757
2759
2760
2761
2761
2762
2762
2762
2763
2764
2764
2767
2767
2769
2769
2769
2770
2772
2776
2777
2778
2779
2780
2781
2782
2782
2783
2783
2784
2784
2785
2786
2786
2786
2786
2786
2787
2790
2790
2790
2792
2792
2794
2795
2795
2796
2797
2798
2798
2801
2802
2804
2805
2805
2805
2806
2809
2810
2810
2810
2813
2813
2813
2814
2815
2815
2817
2818
2818
2819
2821
2821
2822
2822
2824
2825
2825
2829
2829
2831
2832
2832
2833
2833
2833
2834
2835
2835
2837
2838
2840
2842
2843
2845
2845
2845
2846
2847
2848
2850
2851
2852
2852
2854
2855
2855
2855
2856
2857
2858
2858
2859
2860
2860
2860
2860
2861
2864
2865
2866
2867
2867
2868
2869
2869
2871
2871
2872
2872
2874
2874
2875
2875
2875
2877
2882
2882
2884
2884
2885
2886
2887
2889
2890
2891
2891
2894
2894
2895
2895
2895
2896
2899
2899
2901
2904
2905
2906
2906
2907
2907
2912
2912
2914
2915
2915
2916
2916
2917
2918
2919
2919
2921
2921
2923
2923
2924
2924
2924
2925
2926
2927
2927
2927
2929
2930
2932
2932
2933
2935
2938
2938
2938
2939
2940
2940
2942
2944
2945
2945
2946
2948
2950
2952
2953
2956
2956
2957
2958
2959
2962
2963
2964
2965
2965
2968
2969
2969
2969
2969
2970
2970
2971
2973
2975
2976
2977
2978
2978
2978
2979
2980
2980
2980
2981
2985
2986
2986
2988
2988
2989
2989
2990
2991
2992
2994
2994
2994
2995
2995
2996
2999
3005
3005
3007
3007
3007
3007
3007
3008
3008
3009
3009
3009
3010
3011
3013
3014
3014
3014
3015
3016
3016
3017
3017
3021
3021
3022
3023
3026
3026
3028
3028
3030
3032
3032
3033
3033
3034
3035
3035
3036
3037
3038
3039
3039
3041
3041
3041
3041
3042
3043
3045
3049
3050
3051
3052
3053
3056
3059
3060
3061
3062
3062
3063
3063
3064
3065
3065
3067
3067
3068
3068
3068
3069
3071
3071
3072
3074
3074
3074
3075
3075
3077
3077
3078
3080
3080
3080
3084
3086
3086
3087
3088
3089
3089
3090
3091
3091
3091
3091
3092
3095
3095
3096
3099
3101
3104
3107
3107
3107
3108
3109
3110
3110
3111
3112
3113
3114
3115
3115
3116
3121
3123
3124
3126
3130
3131
3131
3131
3132
3134
3136
3137
3141
3144
3145
3146
3146
3146
3147
3147
3147
3148
3149
3149
3151
3151
3152
3153
3153
3155
3155
3155
3155
3155
3157
3157
3160
3161
3161
3164
3166
3167
3168
3168
3170
3172
3172
3175
3175
3175
3176
3177
3179
3179
3179
3180
3180
3180
3181
3182
3183
3183
3183
3184
3185
3186
3188
3188
3191
3192
3192
3193
3194
3196
3197
3198
3198
3198
3198
3199
3201
3202
3202
3203
3204
3204
3207
3207
3208
3209
3212
3212
3213
3214
3216
3216
3217
3218
3218
3219
3219
3219
3223
3224
3225
3226
3226
3227
3229
3229
3229
3230
3230
3230
3233
3234
3235
3235
3235
3235
3236
3237
3239
3239
3241
3243
3243
3244
3244
3245
3245
3246
3247
3247
3249
3249
3249
3250
3252
3254
3254
3255
3255
3256
3257
3260
3261
3263
3263
3264
3265
3269
3269
3270
3272
3273
3273
3274
3276
3277
3277
3279
3281
3282
3282
3283
3284
3284
3284
3286
3289
3289
3290
3291
3291
3293
3293
3295
3295
3295
3296
3299
3300
3300
3302
3303
3304
3306
3307
3308
3308
3312
3313
3314
3315
3315
3317
3317
3317
3317
3319
3319
3320
3320
3320
3321
3323
3324
3324
3330
3331
3332
3332
3332
3333
3334
3338
3339
3340
3340
3341
3342
3343
3344
3345
3345
3346
3350
3354
3354
3354
3355
3356
3358
3358
3359
3360
3362
3362
3362
3363
3363
3364
3367
3367
3367
3368
3368
3368
3370
3370
3372
3376
3377
3377
3379
3380
3381
3383
3384
3384
3388
3390
3393
3394
3395
3395
3396
3396
3397
3397
3398
3399
3400
3400
3400
3401
3402
3405
3405
3407
3407
3408
3409
3409
3412
3413
3414
3417
3419
3421
3421
3422
3422
3424
3426
3426
3426
3428
3428
3431
3433
3433
3436
3437
3437
3437
3438
3440
3441
3445
3445
3445
3446
3447
3448
3449
3452
3452
3453
3453
3454
3454
3456
3456
3457
3464
3464
3465
3466
3471
3473
3473
3474
3474
3475
3475
3475
3476
3477
3478
3478
3479
3482
3484
3484
3485
3486
3488
3489
3489
3492
3492
3493
3494
3494
3495
3495
3497
3498
3500
3501
3501
3502
3503
3504
3504
3505
3506
3506
3506
3506
3508
3509
3509
3510
3510
3512
3512
3513
3513
3514
3514
3516
3516
3520
3520
3521
3521
3523
3524
3525
3527
3528
3530
3532
3532
3534
3536
3537
3538
3539
3541
3541
3542
3542
3543
3543
3543
3543
3544
3544
3545
3545
3546
3547
3547
3548
3549
3549
3551
3554
3555
3555
3556
3556
3557
3557
3558
3561
3562
3562
3563
3564
3565
3567
3568
3570
3571
3572
3574
3576
3576
3579
3579
3580
3580
3580
3581
3582
3582
3584
3584
3587
3587
3588
3591
3591
3591
3592
3592
3592
3592
3593
3595
3595
3595
3596
3598
3599
3599
3599
3599
3600
3601
3602
3602
3602
3602
3604
3604
3611
3612
3612
3613
3613
3615
3616
3616
3618
3619
3619
3621
3621
3622
3622
3624
3627
3628
3629
3630
3631
3633
3635
3636
3636
3636
3637
3637
3637
3638
3640
3641
3642
3642
3642
3644
3645
3648
3654
3654
3654
3656
3657
3659
3661
3663
3663
3664
3665
3669
3671
3672
3672
3673
3673
3673
3674
3676
3677
3679
3679
3679
3680
3682
3682
3683
3684
3684
3685
3688
3688
3690
3690
3692
3694
3694
3696
3697
3697
3698
3699
3702
3702
3702
3707
3710
3712
3713
3714
3715
3715
3715
3716
3716
3716
3716
3718
3719
3720
3722
3723
3723
3724
3726
3727
3728
3728
3730
3731
3731
3731
3732
3732
3734
3735
3736
3737
3737
3738
3739
3739
3740
3741
3742
3743
3744
3746
3747
3749
3749
3753
3758
3759
3759
3759
3760
3761
3761
3761
3762
3762
3763
3763
3764
3764
3765
3765
3766
3766
3766
3768
3770
3775
3775
3777
3777
3778
3778
3778
3781
3781
3781
3782
3782
3783
3786
3786
3786
3787
3791
3791
3792
3792
3793
3793
3793
3795
3797
3799
3800
3800
3801
3802
3802
3803
3805
3808
3809
3809
3810
3813
3813
3814
3815
3817
3818
3818
3820
3821
3821
3822
3823
3823
3823
3824
3824
3825
3827
3828
3829
3829
3830
3830
3831
3832
3834
3835
3839
3842
3843
3845
3847
3850
3850
3852
3852
3852
3853
3854
3854
3854
3858
3859
3859
3860
3860
3862
3863
3863
3866
3866
3867
3867
3869
3872
3872
3872
3875
3877
3879
3881
3883
3884
3888
3888
3889
3889
3889
3889
3890
3890
3890
3892
3895
3897
3897
3899
3899
3900
3901
3901
3903
3904
3904
3905
3905
3906
3907
3907
3911
3912
3913
3915
3918
3918
3920
3921
3922
3922
3922
3924
3925
3925
3927
3927
3929
3929
3929
3930
3930
3934
3935
3936
3936
3938
3941
3942
3944
3944
3947
3948
3949
3949
3949
3951
3951
3954
3954
3954
3954
3956
3956
3959
3960
3962
3962
3962
3962
3963
3963
3964
3965
3966
3967
3970
3970
3972
3972
3972
3977
3977
3977
3978
3979
3979
3981
3981
3983
3984
3984
3987
3988
3988
3988
3988
3989
3990
3991
3991
3997
3998
3999
4000
4001
4002
4002
4003
4003
4004
4004
4005
4005
4007
4007
4007
4008
4008
4009
4011
4012
4013
4013
4014
4015
4015
4016
4020
4022
4023
4023
4024
4024
4025
4025
4026
4027
4027
4027
4028
4028
4028
4030
4031
4032
4033
4036
4037
4039
4040
4040
4041
4042
4044
4044
4045
4045
4045
4046
4048
4048
4048
4048
4049
4050
4052
4053
4054
4054
4054
4056
4056
4058
4059
4060
4061
4061
4061
4063
4065
4065
4066
4068
4070
4071
4074
4075
4077
4078
4078
4079
4079
4079
4080
4080
4081
4081
4082
4082
4083
4084
4084
4086
4087
4087
4090
4090
4092
4092
4093
4094
4094
4095
4097
4097
4098
4098
4098
4101
4101
4103
4106
4108
4109
4111
4111
4111
4111
4112
4112
4113
4114
4115
4117
4118
4118
4119
4119
4121
4123
4123
4123
4124
4125
4127
4128
4129
4129
4130
4132
4132
4133
4133
4133
4134
4134
4134
4135
4135
4137
4138
4139
4140
4141
4141
4141
4144
4145
4146
4147
4149
4149
4149
4149
4150
4151
4153
4154
4155
4157
4159
4159
4160
4162
4162
4162
4163
4164
4165
4166
4166
4166
4167
4167
4168
4168
4169
4170
4171
4171
4171
4172
4173
4173
4173
4175
4175
4175
4175
4176
4176
4177
4178
4179
4181
4182
4183
4185
4186
4186
4187
4188
4188
4188
4190
4192
4192
4194
4195
4197
4198
4199
4200
4200
4201
4202
4203
4204
4205
4205
4208
4209
4210
4211
4211
4211
4212
4213
4214
4214
4218
4219
4220
4221
4221
4223
4223
4225
4225
4227
4228
4230
4230
4230
4231
4231
4233
4233
4236
4236
4237
4238
4239
4240
4244
4245
4245
4246
4246
4249
4249
4250
4251
4252
4253
4253
4254
4258
4258
4259
4259
4260
4260
4260
4261
4261
4263
4264
4264
4264
4265
4265
4265
4265
4266
4267
4267
4268
4268
4269
4270
4270
4271
4273
4276
4276
4277
4277
4277
4278
4278
4279
4280
4282
4283
4284
4285
4287
4287
4288
4288
4288
4290
4290
4290
4292
4293
4293
4296
4296
4296
4297
4299
4302
4304
4304
4305
4308
4308
4308
4309
4309
4310
4310
4310
4311
4311
4312
4313
4314
4314
4315
4316
4316
4317
4317
4319
4320
4321
4321
4323
4325
4325
4327
4328
4328
4331
4331
4331
4332
4333
4333
4334
4336
4337
4337
4340
4346
4347
4349
4350
4350
4355
4356
4360
4362
4362
4364
4365
4366
4367
4368
4370
4370
4371
4372
4373
4374
4375
4376
4378
4378
4380
4380
4383
4384
4385
4386
4389
4389
4392
4393
4394
4394
4395
4397
4398
4398
4399
4400
4404
4404
4404
4404
4405
4407
4407
4407
4408
4408
4410
4411
4411
4412
4412
4412
4413
4414
4415
4417
4417
4417
4417
4418
4418
4419
4420
4421
4421
4421
4423
4425
4425
4427
4427
4427
4427
4429
4430
4431
4432
4432
4432
4434
4435
4435
4436
4437
4437
4438
4438
4439
4440
4440
4441
4442
4442
4443
4444
4444
4445
4446
4447
4447
4449
4449
4449
4452
4454
4456
4456
4458
4459
4461
4462
4462
4463
4464
4465
4465
4465
4465
4466
4466
4467
4468
4469
4471
4471
4473
4474
4474
4475
4477
4477
4478
4478
4479
4481
4483
4485
4485
4485
4488
4490
4491
4492
4494
4494
4498
4498
4499
4503
4503
4504
4504
4504
4505
4506
4508
4508
4512
4514
4516
4516
4517
4517
4517
4518
4518
4519
4520
4521
4526
4528
4528
4528
4529
4530
4531
4532
4532
4532
4533
4534
4534
4536
4537
4538
4539
4540
4540
4540
4542
4542
4544
4545
4547
4547
4547
4548
4548
4550
4553
4554
4554
4555
4555
4557
4558
4560
4561
4561
4561
4564
4569
4569
4570
4571
4572
4573
4573
4573
4574
4575
4576
4579
4579
4580
4582
4585
4585
4588
4590
4590
4590
4591
4592
4594
4595
4598
4598
4600
4600
4600
4603
4605
4605
4606
4608
4610
4610
4610
4611
4612
4614
4615
4616
4616
4616
4617
4620
4621
4621
4622
4625
4625
4625
4625
4627
4628
4630
4630
4630
4630
4631
4632
4632
4634
4634
4635
4637
4637
4638
4638
4638
4638
4639
4642
4644
4645
4646
4648
4649
4651
4652
4652
4653
4654
4654
4654
4657
4657
4660
4660
4661
4662
4663
4665
4667
4671
4672
4672
4673
4673
4673
4676
4677
4680
4681
4683
4685
4686
4687
4687
4688
4689
4689
4690
4691
4693
4694
4696
4696
4697
4698
4699
4699
4700
4700
4701
4703
4704
4705
4705
4709
4709
4711
4713
4715
4717
4717
4717
4719
4721
4721
4721
4722
4723
4724
4726
4727
4728
4728
4729
4730
4730
4732
4736
4736
4737
4738
4739
4739
4740
4740
4741
4742
4745
4746
4746
4747
4751
4752
4752
4752
4752
4752
4753
4753
4754
4754
4755
4756
4756
4759
4761
4763
4764
4764
4766
4767
4767
4768
4768
4771
4771
4771
4771
4772
4772
4773
4773
4774
4778
4778
4779
4780
4781
4781
4782
4784
4785
4787
4787
4787
4788
4789
4790
4790
4791
4791
4791
4795
4796
4797
4797
4798
4799
4799
4801
4801
4801
4801
4802
4804
4809
4809
4810
4810
4811
4816
4816
4818
4819
4820
4821
4822
4824
4826
4826
4828
4830
4831
4833
4833
4834
4834
4835
4836
4836
4837
4837
4837
4837
4838
4838
4839
4839
4840
4840
4840
4841
4841
4842
4844
4845
4848
4849
4851
4852
4852
4853
4855
4856
4856
4859
4859
4860
4860
4861
4861
4861
4862
4862
4864
4864
4865
4865
4865
4867
4867
4868
4868
4871
4872
4872
4873
4873
4874
4877
4878
4878
4878
4879
4881
4881
4882
4882
4884
4884
4888
4890
4892
4893
4893
4893
4894
4894
4894
4895
4896
4897
4897
4898
4898
4899
4902
4902
4904
4905
4905
4906
4911
4911
4911
4914
4915
4915
4915
4916
4919
4921
4922
4923
4924
4924
4925
4926
4927
4927
4931
4932
4932
4935
4935
4935
4936
4937
4937
4937
4938
4939
4940
4943
4945
4945
4945
4947
4947
4948
4949
4951
4954
4956
4956
4958
4958
4960
4960
4960
4961
4961
4963
4963
4964
4964
4964
4966
4966
4966
4966
4967
4968
4968
4970
4970
4971
4973
4974
4975
4975
4976
4976
4977
4978
4980
4980
4980
4983
4986
4989
4990
4991
4991
4991
4992
4992
4993
4993
4994
4994
4996
4996
4997
4997
4998
4999
5000
5001
5002
5006
5007
5009
5010
5011
5013
5013
5014
5014
5014
5014
5015
5015
5015
5016
5017
5017
5020
5021
5023
5024
5024
5024
5024
5026
5026
5028
5029
5029
5029
5031
5033
5034
5035
5035
5035
5035
5036
5037
5037
5038
5038
5039
5042
5043
5043
5044
5044
5045
5046
5047
5049
5049
5050
5052
5053
5053
5055
5057
5057
5058
5059
5060
5062
5062
5064
5064
5064
5066
5067
5068
5068
5068
5068
5070
5071
5072
5072
5073
5075
5075
5075
5076
5077
5077
5077
5078
5078
5080
5080
5081
5081
5084
5085
5085
5088
5088
5089
5091
5091
5094
5095
5096
5096
5096
5098
5100
5100
5101
5101
5102
5102
5104
5104
5105
5106
5106
5106
5107
5108
5109
5109
5109
5111
5112
5114
5115
5116
5116
5117
5117
5117
5118
5120
5120
5121
5121
5122
5124
5126
5129
5129
5130
5130
5130
5131
5132
5132
5132
5133
5134
5135
5136
5137
5139
5139
5140
5140
5141
5143
5143
5144
5144
5145
5147
5147
5148
5150
5150
5151
5151
5153
5153
5153
5154
5154
5154
5154
5154
5155
5157
5159
5159
5160
5160
5160
5160
5161
5162
5163
5163
5163
5163
5164
5169
5171
5172
5173
5175
5179
5181
5183
5187
5187
5188
5189
5189
5189
5190
5193
5194
5194
5194
5195
5195
5202
5205
5209
5209
5210
5211
5212
5214
5216
5218
5220
5223
5223
5225
5227
5229
5229
5230
5230
5231
5231
5232
5232
5232
5235
5235
5235
5236
5238
5240
5240
5242
5245
5246
5246
5247
5251
5251
5256
5257
5257
5257
5257
5258
5259
5263
5263
5263
5265
5265
5266
5266
5267
5267
5268
5268
5269
5270
5270
5270
5272
5273
5274
5275
5276
5277
5279
5281
5283
5283
5283
5285
5286
5286
5287
5287
5289
5289
5289
5290
5290
5291
5291
5292
5296
5296
5296
5297
5301
5301
5301
5302
5303
5304
5305
5306
5308
5309
5310
5310
5311
5311
5311
5311
5311
5312
5312
5312
5313
5315
5316
5316
5318
5319
5320
5322
5322
5324
5325
5328
5329
5329
5329
5331
5333
5334
5336
5337
5338
5338
5339
5340
5341
5342
5343
5344
5344
5347
5348
5348
5351
5351
5351
5352
5352
5352
5352
5353
5354
5355
5355
5355
5356
5357
5358
5359
5359
5360
5361
5362
5362
5363
5364
5365
5368
5371
5372
5372
5372
5374
5375
5377
5379
5380
5380
5380
5381
5382
5385
5387
5387
5387
5388
5388
5392
5394
5394
5394
5394
5396
5396
5397
5397
5398
5398
5398
5399
5400
5400
5402
5403
5403
5404
5404
5407
5408
5409
5410
5411
5411
5411
5412
5413
5415
5417
5427
5427
5428
5429
5430
5431
5434
5437
5437
5437
5437
5438
5439
5441
5441
5441
5442
5443
5443
5443
5445
5447
5449
5453
5453
5453
5455
5456
5457
5460
5460
5461
5462
5462
5462
5462
5463
5463
5465
5465
5467
5468
5468
5468
5469
5470
5471
5472
5472
5472
5472
5475
5475
5477
5477
5477
5478
5481
5482
5482
5483
5483
5484
5486
5486
5486
5488
5490
5490
5490
5492
5497
5498
5498
5498
5499
5500
5502
5503
5504
5504
5506
5509
5514
5515
5516
5516
5516
5518
5520
5521
5521
5522
5522
5523
5525
5526
5528
5528
5528
5529
5529
5532
5534
5534
5535
5535
5537
5537
5538
5540
5541
5542
5543
5544
5544
5547
5548
5549
5550
5553
5554
5554
5555
5555
5556
5558
5562
5562
5562
5563
5564
5564
5565
5568
5568
5569
5569
5571
5571
5572
5572
5572
5572
5572
5573
5573
5573
5573
5574
5576
5576
5576
5577
5577
5578
5579
5580
5581
5582
5583
5584
5584
5588
5588
5589
5590
5591
5592
5593
5593
5593
5595
5595
5595
5596
5598
5599
5599
5599
5599
5601
5603
5606
5607
5610
5610
5612
5612
5615
5615
5615
5616
5617
5618
5625
5625
5628
5629
5630
5631
5633
5634
5636
5636
5636
5637
5637
5638
5640
5640
5640
5641
5641
5641
5644
5646
5646
5651
5651
5651
5657
5657
5659
5660
5660
5661
5662
5662
5664
5668
5669
5670
5670
5672
5674
5674
5675
5675
5675
5676
5679
5679
5679
5680
5681
5681
5683
5684
5685
5685
5686
5688
5689
5689
5690
5690
5691
5691
5692
5693
5693
5694
5694
5695
5698
5698
5699
5700
5702
5702
5702
5707
5708
5708
5710
5713
5714
5714
5716
5716
5716
5718
5723
5723
5725
5726
5731
5733
5733
5737
5739
5739
5740
5741
5742
5743
5743
5744
5745
5747
5748
5749
5752
5753
5756
5756
5756
5758
5759
5759
5761
5762
5763
5763
5764
5764
5764
5765
5765
5766
5766
5767
5768
5768
5771
5771
5774
5775
5776
5777
5779
5779
5780
5780
5780
5781
5783
5783
5784
5784
5785
5786
5786
5787
5787
5787
5788
5791
5794
5795
5795
5797
5798
5798
5798
5799
5799
5799
5799
5800
5802
5805
5807
5807
5807
5808
5808
5809
5810
5810
5811
5811
5811
5813
5813
5815
5815
5815
5815
5815
5815
5817
5819
5819
5821
5825
5825
5826
5828
5828
5828
5830
5831
5831
5832
5832
5833
5834
5834
5834
5835
5837
5837
5839
5840
5841
5843
5843
5844
5845
5847
5849
5849
5851
5852
5854
5855
5855
5856
5858
5858
5859
5860
5861
5862
5863
5863
5864
5865
5865
5868
5870
5870
5870
5870
5871
5874
5875
5875
5877
5882
5882
5882
5882
5885
5889
5889
5890
5890
5890
5890
5894
5896
5897
5900
5906
5908
5908
5908
5908
5908
5909
5909
5909
5910
5910
5911
5912
5912
5913
5914
5915
5915
5915
5916
5916
5916
5916
5917
5920
5920
5921
5921
5922
5923
5926
5929
5932
5932
5933
5933
5933
5935
5937
5937
5940
5944
5946
5947
5947
5948
5951
5951
5951
5953
5955
5955
5957
5958
5958
5961
5965
5966
5967
5967
5968
5968
5971
5971
5972
5972
5973
5974
5975
5975
5975
5979
5980
5982
5983
5983
5984
5984
5985
5986
5986
5986
5987
5988
5988
5989
5991
5991
5991
5997
5997
5998
5999
6001
6003
6007
6009
6010
6011
6015
6016
6017
6017
6017
6018
6020
6021
6022
6022
6022
6024
6025
6026
6026
6027
6028
6029
6029
6030
6030
6031
6032
6033
6033
6034
6034
6034
6037
6040
6042
6042
6042
6043
6048
6052
6053
6056
6057
6058
6060
6061
6061
6062
6063
6063
6064
6065
6066
6067
6068
6070
6071
6071
6073
6073
6074
6074
6074
6075
6075
6076
6076
6077
6081
6082
6083
6083
6083
6083
6085
6085
6087
6087
6088
6089
6092
6093
6093
6094
6094
6095
6096
6098
6098
6100
6100
6101
6101
6103
6105
6105
6107
6107
6108
6108
6109
6110
6111
6111
6113
6115
6115
6116
6117
6118
6120
6120
6121
6121
6123
6124
6125
6125
6129
6129
6130
6131
6133
6141
6141
6143
6143
6143
6143
6143
6145
6145
6146
6146
6148
6148
6149
6150
6150
6151
6157
6158
6158
6159
6160
6161
6161
6162
6162
6162
6165
6165
6165
6168
6169
6169
6170
6170
6170
6171
6172
6172
6173
6176
6177
6179
6180
6181
6182
6183
6184
6185
6186
6187
6189
6189
6190
6191
6192
6192
6195
6197
6198
6199
6203
6204
6205
6205
6206
6208
6211
6211
6211
6211
6214
6214
6214
6215
6216
6216
6218
6222
6223
6228
6229
6231
6231
6231
6232
6232
6236
6236
6237
6237
6238
6238
6239
6239
6240
6240
6240
6241
6241
6242
6243
6243
6245
6246
6249
6250
6252
6254
6257
6258
6259
6261
6262
6263
6263
6264
6264
6265
6266
6266
6266
6268
6268
6269
6269
6270
6270
6271
6271
6273
6274
6275
6276
6279
6279
6282
6282
6283
6283
6283
6283
6284
6284
6284
6285
6286
6289
6290
6291
6291
6292
6292
6292
6292
6293
6293
6293
6294
6295
6295
6296
6297
6297
6298
6298
6299
6299
6301
6302
6303
6303
6305
6305
6305
6305
6310
6310
6310
6313
6313
6313
6314
6315
6316
6317
6317
6319
6321
6322
6323
6323
6324
6325
6326
6326
6326
6329
6329
6332
6332
6332
6332
6332
6333
6333
6333
6334
6334
6334
6337
6338
6338
6338
6338
6338
6339
6340
6341
6341
6341
6341
6342
6342
6342
6342
6343
6345
6347
6349
6349
6351
6351
6351
6352
6352
6352
6353
6354
6355
6356
6356
6360
6360
6361
6361
6362
6362
6362
6363
6365
6366
6366
6367
6368
6368
6368
6368
6370
6370
6372
6373
6374
6375
6376
6377
6377
6378
6378
6378
6379
6381
6382
6382
6384
6386
6386
6390
6391
6392
6393
6394
6394
6394
6395
6395
6395
6399
6400
6401
6401
6402
6402
6403
6407
6407
6407
6409
6409
6409
6409
6411
6413
6413
6416
6417
6417
6417
6417
6418
6420
6420
6420
6421
6422
6423
6423
6424
6425
6425
6426
6427
6427
6427
6427
6429
6431
6431
6433
6436
6437
6438
6440
6441
6441
6443
6444
6446
6446
6447
6447
6447
6448
6451
6451
6452
6452
6453
6453
6453
6454
6456
6456
6457
6458
6459
6459
6459
6460
6461
6461
6462
6462
6463
6464
6464
6465
6466
6467
6468
6469
6471
6474
6475
6475
6476
6476
6478
6480
6483
6484
6484
6487
6489
6491
6495
6495
6495
6496
6496
6496
6498
6498
6498
6501
6501
6501
6501
6501
6502
6502
6503
6503
6505
6506
6507
6507
6508
6509
6509
6510
6512
6512
6514
6515
6516
6517
6517
6519
6519
6519
6520
6521
6523
6524
6525
6527
6528
6529
6531
6533
6533
6533
6535
6535
6535
6536
6536
6536
6538
6541
6541
6541
6542
6543
6543
6545
6547
6548
6549
6551
6554
6554
6554
6555
6556
6557
6557
6557
6557
6558
6560
6560
6561
6561
6561
6561
6562
6566
6566
6568
6568
6570
6570
6570
6571
6572
6573
6573
6575
6575
6576
6576
6577
6579
6581
6581
6582
6582
6582
6583
6583
6585
6587
6589
6589
6589
6590
6590
6590
6591
6593
6596
6598
6598
6598
6598
6600
6600
6603
6605
6608
6609
6611
6612
6612
6612
6613
6614
6615
6616
6617
6620
6620
6621
6621
6621
6621
6622
6622
6623
6625
6625
6625
6628
6629
6632
6633
6633
6633
6633
6634
6634
6635
6635
6635
6635
6636
6637
6638
6638
6638
6640
6642
6644
6645
6646
6647
6647
6649
6650
6651
6653
6653
6656
6656
6657
6658
6658
6660
6660
6661
6662
6664
6666
6666
6667
6668
6668
6670
6671
6672
6673
6678
6678
6679
6679
6680
6680
6680
6681
6681
6683
6684
6686
6686
6688
6688
6689
6689
6690
6690
6692
6693
6693
6694
6694
6697
6700
6701
6702
6702
6703
6703
6703
6704
6704
6708
6711
6712
6714
6715
6716
6718
6719
6720
6721
6722
6723
6723
6724
6724
6726
6727
6727
6727
6728
6729
6730
6730
6731
6731
6733
6734
6735
6738
6738
6739
6739
6740
6740
6740
6740
6740
6740
6742
6744
6744
6744
6744
6745
6747
6747
6747
6748
6749
6750
6751
6752
6752
6753
6753
6754
6754
6755
6757
6757
6759
6760
6761
6761
6762
6764
6765
6766
6767
6771
6772
6772
6772
6773
6774
6774
6775
6776
6776
6779
6780
6782
6784
6784
6785
6787
6787
6787
6788
6790
6791
6792
6792
6793
6796
6796
6796
6797
6800
6800
6803
6804
6807
6808
6808
6809
6809
6809
6810
6810
6812
6814
6815
6819
6823
6823
6824
6828
6828
6828
6829
6830
6831
6831
6833
6834
6835
6835
6835
6835
6836
6836
6838
6838
6840
6841
6841
6847
6849
6850
6851
6853
6854
6856
6856
6858
6859
6861
6861
6861
6862
6863
6864
6866
6868
6869
6870
6872
6876
6877
6878
6879
6879
6880
6881
6882
6883
6885
6886
6886
6890
6890
6890
6891
6891
6893
6895
6896
6900
6902
6902
6903
6904
6905
6905
6908
6908
6909
6909
6911
6911
6911
6912
6913
6913
6913
6913
6914
6914
6915
6915
6916
6917
6918
6918
6919
6919
6920
6923
6925
6930
6930
6931
6932
6933
6933
6935
6935
6937
6938
6939
6939
6940
6941
6942
6942
6943
6944
6944
6945
6945
6945
6946
6947
6947
6949
6949
6950
6950
6952
6953
6954
6955
6959
6960
6961
6962
6964
6964
6965
6966
6968
6968
6971
6972
6973
6974
6974
6976
6977
6978
6978
6982
6983
6983
6983
6984
6986
6986
6986
6986
6986
6987
6987
6988
6990
6992
6994
6995
6996
6997
6998
6999
6999
7001
7002
7005
7005
7005
7007
7007
7007
7007
7007
7008
7008
7009
7009
7011
7011
7011
7013
7014
7015
7016
7017
7017
7018
7019
7019
7020
7020
7021
7021
7021
7022
7022
7024
7026
7029
7030
7033
7035
7035
7035
7036
7037
7041
7041
7045
7045
7045
7046
7046
7047
7048
7050
7053
7053
7056
7056
7058
7059
7060
7061
7062
7062
7063
7064
7065
7065
7066
7070
7070
7071
7073
7074
7074
7075
7077
7080
7080
7080
7081
7081
7083
7083
7083
7083
7084
7084
7085
7086
7086
7087
7087
7089
7090
7091
7091
7093
7095
7095
7096
7097
7099
7100
7101
7101
7101
7103
7104
7104
7104
7107
7107
7108
7109
7110
7111
7111
7112
7115
7116
7116
7119
7119
7119
7122
7122
7123
7123
7123
7125
7125
7125
7129
7129
7129
7130
7131
7132
7136
7137
7137
7138
7139
7140
7141
7141
7141
7142
7147
7147
7147
7148
7148
7148
7149
7149
7149
7150
7150
7151
7152
7153
7153
7155
7156
7156
7160
7161
7163
7163
7163
7167
7169
7170
7170
7172
7172
7172
7173
7173
7174
7175
7175
7175
7175
7176
7176
7176
7178
7179
7180
7182
7183
7185
7187
7188
7189
7189
7192
7192
7193
7193
7195
7198
7199
7200
7200
7200
7201
7202
7203
7205
7205
7206
7209
7211
7211
7212
7213
7214
7214
7214
7214
7215
7217
7218
7221
7222
7222
7223
7223
7224
7224
7225
7227
7227
7227
7228
7228
7230
7232
7234
7236
7237
7242
7243
7243
7245
7245
7249
7250
7251
7251
7252
7252
7253
7253
7254
7255
7255
7256
7257
7257
7258
7260
7261
7261
7262
7263
7263
7264
7264
7264
7265
7268
7269
7270
7271
7273
7276
7277
7277
7277
7278
7279
7281
7281
7281
7284
7285
7287
7287
7288
7289
7291
7291
7292
7293
7293
7294
7295
7296
7297
7297
7298
7299
7299
7300
7302
7303
7304
7305
7305
7306
7306
7306
7307
7308
7308
7309
7309
7310
7311
7311
7311
7311
7312
7314
7315
7316
7317
7318
7318
7322
7324
7324
7324
7325
7326
7326
7326
7326
7326
7327
7327
7328
7329
7329
7330
7335
7336
7339
7339
7339
7340
7340
7342
7342
7343
7348
7348
7351
7351
7354
7354
7356
7357
7357
7357
7359
7359
7359
7360
7360
7364
7366
7367
7369
7369
7370
7370
7371
7372
7372
7373
7374
7375
7376
7377
7378
7378
7379
7379
7380
7381
7382
7385
7385
7386
7386
7387
7388
7388
7389
7391
7391
7392
7393
7393
7393
7393
7393
7394
7394
7397
7399
7400
7401
7402
7404
7405
7405
7407
7407
7407
7408
7408
7408
7409
7409
7409
7410
7411
7412
7413
7414
7414
7415
7415
7418
7419
7420
7420
7421
7422
7422
7422
7423
7423
7425
7425
7426
7426
7428
7429
7430
7431
7431
7431
7432
7432
7435
7435
7436
7436
7437
7438
7439
7439
7441
7442
7443
7444
7444
7444
7445
7445
7446
7449
7450
7452
7452
7454
7454
7454
7454
7455
7456
7456
7459
7460
7461
7462
7466
7467
7469
7469
7470
7472
7473
7473
7474
7475
7475
7475
7476
7478
7478
7479
7479
7480
7483
7485
7488
7489
7489
7489
7496
7497
7497
7499
7499
7502
7502
7503
7504
7507
7509
7512
7513
7515
7516
7516
7517
7519
7520
7522
7524
7528
7528
7529
7529
7535
7535
7536
7538
7538
7539
7539
7539
7541
7541
7541
7542
7542
7543
7544
7546
7546
7547
7547
7547
7547
7547
7548
7549
7552
7552
7553
7554
7556
7556
7556
7556
7557
7558
7558
7559
7561
7562
7565
7566
7567
7568
7568
7569
7569
7569
7572
7572
7574
7574
7575
7576
7578
7578
7579
7581
7582
7583
7583
7583
7583
7583
7584
7586
7586
7586
7586
7587
7587
7587
7588
7592
7592
7592
7592
7593
7593
7594
7595
7596
7599
7600
7602
7602
7603
7604
7606
7606
7606
7607
7607
7607
7611
7611
7615
7616
7619
7619
7619
7620
7620
7621
7621
7621
7621
7622
7623
7623
7624
7627
7627
7628
7629
7630
7630
7630
7632
7633
7634
7634
7634
7635
7636
7636
7637
7638
7638
7639
7639
7641
7642
7644
7645
7646
7646
7647
7648
7650
7651
7652
7653
7653
7655
7656
7656
7656
7656
7657
7658
7659
7660
7661
7663
7664
7666
7667
7668
7668
7668
7668
7669
7670
7670
7670
7671
7671
7673
7674
7674
7674
7676
7680
7681
7683
7684
7686
7689
7690
7691
7693
7693
7693
7693
7694
7694
7695
7696
7696
7697
7697
7699
7700
7701
7701
7702
7703
7710
7710
7710
7712
7712
7715
7715
7716
7720
7720
7724
7724
7724
7725
7729
7731
7734
7735
7736
7736
7737
7740
7740
7742
7742
7745
7746
7746
7748
7749
7749
7750
7752
7752
7755
7758
7759
7760
7765
7767
7768
7769
7769
7770
7770
7770
7770
7771
7772
7773
7774
7775
7775
7777
7777
7778
7778
7778
7780
7780
7780
7781
7781
7783
7788
7790
7791
7792
7796
7797
7798
7799
7799
7802
7805
7805
7807
7807
7808
7808
7809
7810
7812
7813
7813
7813
7814
7817
7819
7820
7821
7821
7823
7823
7824
7825
7826
7828
7828
7829
7829
7829
7832
7832
7834
7835
7835
7836
7837
7837
7838
7839
7839
7839
7841
7842
7842
7842
7844
7846
7846
7849
7849
7850
7851
7852
7856
7857
7858
7859
7860
7860
7860
7862
7863
7865
7865
7865
7866
7868
7871
7872
7873
7873
7873
7875
7876
7876
7876
7877
7877
7878
7879
7880
7880
7881
7881
7881
7884
7885
7885
7886
7888
7889
7890
7890
7891
7892
7892
7892
7894
7900
7902
7902
7902
7902
7903
7903
7904
7905
7906
7907
7907
7909
7911
7912
7912
7916
7916
7917
7917
7918
7920
7920
7928
7928
7929
7930
7930
7931
7933
7933
7933
7933
7936
7936
7937
7937
7939
7943
7943
7945
7946
7947
7947
7947
7949
7951
7951
7954
7956
7958
7959
7959
7960
7960
7960
7960
7962
7963
7964
7964
7964
7964
7964
7964
7964
7965
7965
7965
7966
7967
7968
7970
7971
7975
7975
7975
7976
7979
7980
7981
7982
7983
7984
7984
7985
7985
7986
7986
7987
7987
7989
7990
7990
7991
7991
7992
7992
7993
7999
7999
7999
8000
8001
8002
8005
8005
8005
8006
8006
8008
8009
8009
8010
8010
8011
8011
8011
8012
8013
8014
8014
8014
8015
8015
8017
8021
8021
8021
8022
8023
8024
8024
8026
8026
8027
8028
8028
8028
8031
8031
8033
8033
8036
8036
8036
8037
8037
8038
8039
8039
8041
8042
8043
8045
8046
8047
8048
8049
8050
8052
8052
8052
8052
8053
8053
8057
8057
8058
8058
8060
8061
8061
8062
8063
8064
8064
8066
8066
8068
8069
8069
8070
8071
8071
8071
8072
8072
8072
8073
8075
8076
8076
8078
8080
8082
8082
8083
8084
8084
8086
8086
8088
8090
8090
8091
8091
8092
8093
8094
8095
8102
8103
8103
8104
8106
8106
8107
8109
8116
8116
8118
8121
8121
8122
8123
8124
8125
8126
8126
8127
8128
8131
8131
8131
8132
8133
8136
8136
8137
8139
8140
8141
8141
8141
8142
8144
8145
8145
8146
8147
8148
8148
8149
8150
8151
8152
8152
8154
8154
8154
8154
8156
8156
8157
8157
8158
8159
8159
8162
8164
8166
8166
8166
8168
8169
8170
8171
8172
8174
8175
8175
8177
8177
8178
8181
8181
8183
8183
8185
8186
8187
8187
8187
8189
8192
8192
8193
8193
8193
8194
8194
8195
8196
8197
8197
8199
8199
8199
8200
8201
8201
8202
8203
8204
8204
8206
8207
8207
8207
8208
8209
8209
8209
8212
8212
8213
8216
8216
8219
8219
8220
8220
8221
8222
8223
8223
8224
8225
8227
8227
8228
8228
8228
8235
8236
8238
8238
8240
8240
8244
8244
8245
8245
8248
8249
8251
8256
8257
8257
8258
8259
8259
8260
8262
8263
8263
8264
8264
8265
8267
8267
8268
8268
8269
8270
8271
8272
8274
8276
8277
8277
8277
8277
8277
8278
8279
8282
8288
8290
8292
8293
8294
8294
8294
8297
8297
8298
8298
8298
8300
8302
8303
8305
8305
8306
8307
8307
8308
8310
8311
8312
8314
8314
8314
8315
8316
8316
8318
8320
8320
8320
8324
8327
8327
8328
8330
8330
8332
8333
8333
8334
8337
8339
8341
8343
8343
8343
8344
8345
8347
8347
8348
8348
8349
8350
8350
8353
8353
8355
8355
8358
8359
8359
8360
8361
8363
8365
8366
8368
8371
8372
8373
8373
8375
8375
8377
8378
8380
8381
8384
8384
8385
8385
8385
8385
8386
8386
8386
8386
8388
8389
8389
8389
8389
8389
8389
8389
8391
8391
8392
8392
8393
8395
8395
8395
8395
8396
8396
8396
8397
8399
8399
8400
8400
8400
8401
8402
8404
8406
8406
8406
8407
8408
8409
8411
8412
8413
8414
8414
8415
8415
8415
8415
8417
8422
8422
8422
8423
8426
8429
8429
8430
8431
8431
8431
8433
8434
8436
8437
8437
8438
8438
8438
8439
8439
8440
8440
8441
8442
8443
8444
8445
8446
8448
8448
8449
8450
8451
8452
8453
8454
8455
8458
8458
8459
8460
8460
8462
8466
8467
8468
8473
8476
8477
8478
8478
8478
8478
8479
8482
8486
8487
8487
8491
8492
8492
8494
8497
8498
8499
8500
8500
8501
8503
8504
8504
8506
8508
8510
8511
8511
8514
8515
8516
8518
8518
8519
8519
8520
8521
8522
8523
8524
8527
8527
8528
8529
8529
8529
8529
8531
8532
8535
8535
8536
8537
8538
8539
8539
8540
8542
8543
8544
8545
8545
8546
8546
8548
8548
8550
8551
8551
8554
8554
8555
8558
8558
8558
8558
8560
8560
8562
8563
8565
8565
8567
8567
8568
8569
8569
8570
8570
8570
8570
8572
8573
8575
8575
8576
8576
8577
8580
8581
8584
8585
8585
8586
8586
8587
8588
8588
8589
8590
8592
8593
8595
8601
8602
8603
8607
8608
8608
8608
8610
8611
8612
8613
8614
8615
8617
8618
8618
8618
8620
8621
8622
8623
8623
8623
8624
8624
8631
8633
8636
8637
8638
8640
8641
8641
8642
8647
8648
8649
8650
8650
8652
8652
8656
8658
8658
8658
8659
8659
8661
8663
8664
8665
8666
8667
8667
8668
8671
8671
8672
8674
8675
8677
8679
8679
8680
8680
8685
8686
8688
8690
8690
8691
8693
8695
8695
8695
8696
8696
8697
8697
8698
8698
8699
8702
8705
8706
8706
8707
8707
8708
8709
8709
8710
8711
8712
8713
8713
8715
8716
8716
8717
8718
8718
8719
8719
8719
8720
8720
8720
8724
8725
8725
8730
8730
8731
8733
8734
8734
8736
8736
8736
8739
8740
8740
8743
8744
8745
8746
8747
8748
8748
8748
8750
8753
8753
8753
8754
8754
8755
8757
8758
8761
8762
8763
8764
8767
8768
8771
8771
8772
8774
8775
8775
8776
8777
8777
8778
8778
8778
8778
8779
8780
8780
8782
8783
8783
8783
8784
8784
8784
8785
8785
8786
8788
8789
8790
8792
8793
8794
8794
8794
8795
8796
8797
8798
8798
8799
8799
8800
8800
8802
8802
8803
8803
8804
8805
8806
8808
8808
8810
8811
8812
8812
8813
8814
8815
8816
8817
8818
8818
8820
8821
8822
8823
8828
8829
8830
8831
8833
8833
8834
8835
8835
8836
8837
8838
8841
8842
8843
8843
8843
8843
8844
8845
8845
8846
8846
8847
8848
8849
8850
8856
8857
8859
8859
8859
8860
8860
8861
8861
8863
8864
8864
8865
8866
8866
8868
8868
8868
8870
8870
8870
8870
8871
8871
8873
8876
8877
8877
8878
8878
8880
8883
8885
8885
8886
8887
8887
8889
8889
8893
8894
8895
8896
8896
8897
8898
8900
8901
8902
8902
8903
8903
8904
8904
8904
8904
8905
8905
8905
8905
8906
8908
8909
8912
8912
8913
8914
8914
8914
8915
8917
8919
8919
8921
8921
8925
8925
8926
8926
8926
8926
8927
8927
8928
8929
8929
8932
8933
8933
8934
8937
8938
8938
8941
8943
8945
8946
8946
8947
8948
8950
8952
8952
8953
8953
8954
8955
8955
8957
8958
8958
8960
8960
8960
8961
8964
8964
8964
8964
8965
8966
8966
8967
8969
8969
8970
8972
8972
8974
8976
8976
8976
8977
8978
8980
8982
8982
8982
8986
8987
8990
8990
8990
8992
8992
8992
8993
8993
8995
8996
8999
9000
9002
9002
9003
9004
9004
9004
9004
9005
9005
9005
9005
9008
9010
9012
9015
9016
9016
9016
9017
9018
9018
9020
9021
9021
9023
9026
9026
9027
9030
9031
9034
9036
9037
9037
9039
9039
9041
9041
9043
9044
9044
9045
9047
9049
9051
9052
9052
9053
9054
9055
9055
9056
9057
9058
9058
9059
9059
9061
9062
9063
9066
9066
9066
9066
9067
9068
9068
9069
9069
9070
9070
9070
9073
9074
9075
9076
9077
9077
9077
9078
9078
9079
9080
9080
9081
9082
9084
9085
9088
9088
9090
9090
9091
9094
9095
9095
9096
9098
9098
9099
9099
9100
9100
9101
9104
9106
9108
9110
9110
9110
9110
9111
9112
9113
9113
9113
9114
9115
9115
9116
9116
9118
9118
9119
9120
9121
9121
9122
9125
9125
9125
9125
9126
9129
9130
9130
9130
9131
9132
9132
9138
9138
9141
9142
9143
9145
9146
9146
9148
9149
9150
9150
9151
9153
9155
9156
9156
9157
9157
9158
9159
9161
9161
9164
9165
9171
9172
9173
9173
9175
9176
9177
9177
9180
9180
9181
9182
9183
9183
9184
9185
9186
9187
9188
9189
9189
9189
9191
9192
9192
9192
9192
9193
9194
9194
9195
9195
9195
9195
9199
9200
9201
9202
9204
9205
9205
9207
9207
9209
9209
9210
9211
9213
9213
9214
9220
9221
9221
9222
9222
9222
9223
9224
9226
9226
9228
9229
9229
9231
9231
9231
9232
9232
9234
9234
9235
9235
9235
9236
9236
9237
9238
9238
9239
9239
9239
9241
9242
9243
9243
9243
9244
9244
9245
9245
9245
9245
9245
9248
9248
9248
9250
9252
9252
9254
9259
9260
9260
9261
9262
9263
9266
9267
9267
9269
9271
9271
9271
9273
9274
9276
9276
9277
9277
9278
9279
9280
9280
9282
9282
9282
9283
9283
9283
9283
9284
9284
9285
9286
9287
9287
9289
9289
9292
9293
9293
9296
9298
9299
9299
9300
9301
9302
9302
9305
9305
9305
9307
9307
9307
9310
9311
9313
9315
9316
9317
9321
9323
9323
9325
9325
9326
9327
9329
9329
9330
9332
9333
9333
9333
9334
9336
9337
9338
9338
9339
9341
9341
9341
9341
9342
9343
9343
9344
9348
9348
9350
9350
9350
9354
9355
9355
9355
9355
9356
9356
9357
9357
9360
9361
9362
9363
9365
9368
9368
9369
9373
9373
9375
9376
9380
9380
9381
9382
9383
9383
9384
9384
9384
9388
9388
9389
9390
9392
9392
9392
9392
9393
9393
9393
9394
9395
9395
9395
9395
9399
9400
9401
9401
9404
9409
9410
9412
9412
9413
9413
9415
9416
9416
9417
9418
9418
9419
9419
9420
9420
9421
9421
9421
9423
9423
9424
9426
9427
9427
9428
9428
9429
9431
9433
9434
9435
9435
9436
9436
9437
9437
9438
9440
9441
9441
9443
9446
9447
9448
9448
9449
9449
9449
9449
9453
9454
9459
9462
9462
9463
9463
9464
9467
9467
9467
9468
9471
9472
9472
9472
9472
9473
9473
9475
9475
9477
9478
9479
9480
9482
9483
9483
9484
9486
9489
9491
9491
9491
9491
9491
9491
9491
9492
9492
9493
9494
9495
9495
9498
9501
9502
9502
9503
9503
9504
9508
9509
9509
9510
9512
9512
9513
9513
9514
9517
9517
9517
9518
9519
9521
9521
9524
9524
9525
9525
9526
9528
9528
9528
9529
9529
9529
9529
9529
9531
9532
9532
9533
9533
9534
9534
9535
9537
9538
9542
9543
9544
9545
9545
9546
9546
9549
9550
9552
9556
9557
9561
9561
9563
9563
9567
9569
9570
9571
9574
9574
9574
9575
9575
9575
9575
9576
9578
9579
9580
9581
9582
9583
9583
9583
9584
9585
9588
9590
9593
9594
9595
9596
9596
9597
9597
9599
9599
9600
9600
9602
9602
9603
9604
9605
9605
9606
9609
9609
9610
9612
9617
9618
9620
9620
9620
9621
9622
9622
9622
9623
9623
9623
9624
9625
9627
9627
9627
9627
9629
9629
9630
9631
9632
9632
9634
9635
9641
9641
9642
9642
9642
9643
9643
9644
9646
9647
9647
9647
9649
9649
9654
9654
9654
9654
9655
9656
9657
9657
9658
9659
9660
9661
9662
9663
9664
9664
9665
9667
9669
9670
9670
9671
9671
9671
9675
9676
9678
9679
9679
9680
9681
9682
9683
9684
9684
9685
9685
9685
9687
9691
9692
9692
9693
9694
9694
9694
9694
9695
9696
9696
9697
9698
9699
9702
9703
9703
9705
9705
9707
9707
9710
9712
9712
9716
9717
9717
9717
9718
9719
9719
9719
9719
9720
9721
9721
9725
9727
9731
9731
9734
9738
9739
9741
9742
9742
9743
9744
9744
9745
9746
9746
9746
9747
9750
9754
9755
9759
9761
9761
9762
9762
9763
9772
9772
9773
9774
9776
9776
9777
9778
9780
9781
9783
9785
9785
9787
9787
9787
9787
9787
9791
9792
9794
9794
9794
9795
9795
9796
9796
9796
9797
9797
9797
9798
9799
9799
9800
9801
9802
9802
9803
9806
9807
9808
9808
9813
9813
9815
9816
9818
9819
9820
9820
9821
9824
9825
9827
9827
9828
9829
9829
9830
9830
9831
9831
9832
9834
9837
9837
9839
9839
9839
9840
9840
9840
9840
9842
9842
9844
9846
9848
9849
9850
9853
9855
9856
9856
9857
9857
9861
9861
9862
9862
9863
9864
9865
9865
9869
9869
9869
9870
9871
9871
9873
9874
9874
9875
9876
9878
9880
9881
9882
9882
9882
9883
9884
9884
9885
9888
9890
9890
9891
9892
9892
9892
9894
9895
9896
9896
9897
9898
9900
9900
9903
9904
9906
9906
9906
9907
9907
9909
9915
9916
9917
9918
9919
9921
9922
9923
9923
9924
9924
9925
9926
9926
9926
9927
9928
9933
9934
9934
9934
9935
9935
9939
9940
9942
9944
9945
9946
9948
9949
9951
9954
9954
9955
9955
9958
9959
9960
9962
9962
9963
9964
9964
9966
9966
9967
9967
9968
9968
9970
9970
9970
9971
9971
9972
9972
9973
9973
9973
9973
9974
9975
9975
9976
9978
9979
9980
9980
9981
9981
9983
9984
9984
9985
9987
9987
9988
9988
9989
9990
9991
9993
9993
9994
9996
9996
9999
