3
4
5
6
9
10
11
11
12
13
14
15
17
18
18
20
20
22
22
24
25
26
26
27
27
29
29
29
32
32
32
33
33
36
37
40
41
42
45
45
45
45
47
50
50
50
51
55
56
57
57
57
57
58
59
59
59
60
61
61
62
62
62
62
67
69
72
72
72
73
73
77
77
77
79
83
84
85
87
88
90
90
90
91
91
92
92
92
92
95
95
97
97
97
97
98
98
101
101
102
103
103
104
105
105
108
108
109
113
114
115
116
116
117
118
118
119
119
120
121
122
122
123
125
128
128
129
130
130
130
131
131
134
136
139
139
140
141
143
144
144
144
146
148
148
149
150
150
151
151
152
152
153
153
154
154
156
156
158
160
160
161
162
162
162
164
166
166
168
168
169
169
169
171
173
174
174
174
175
176
177
180
180
180
180
181
182
183
185
185
187
188
188
192
192
192
194
197
199
200
200
201
203
203
208
209
209
209
210
211
212
212
215
215
217
218
219
219
220
220
220
220
221
222
224
225
226
226
227
228
228
229
230
230
231
231
234
234
236
237
239
241
241
242
243
244
249
249
252
255
256
258
258
259
259
259
260
261
261
261
262
262
262
263
264
266
266
267
268
268
270
273
274
275
281
282
283
286
286
286
287
288
290
291
293
294
295
295
296
296
296
298
298
299
300
300
301
302
304
305
305
305
306
307
307
307
307
307
308
308
308
309
310
313
314
316
317
317
318
319
321
321
323
323
325
325
326
327
329
329
331
331
334
336
337
338
339
339
344
344
344
345
347
349
352
354
354
355
356
357
358
359
359
361
362
363
363
363
364
365
365
366
366
367
368
369
372
373
374
375
376
376
378
380
380
381
383
383
385
387
388
388
389
389
389
389
390
392
392
393
393
393
394
394
395
395
395
397
397
399
399
399
400
400
401
401
401
402
402
404
406
407
407
407
408
412
412
415
417
417
418
419
419
420
421
424
426
427
427
428
428
430
432
433
434
434
435
435
437
437
437
438
439
440
442
442
445
446
448
449
451
451
451
453
453
456
458
461
462
462
462
462
463
464
466
466
467
467
468
468
468
470
471
471
477
478
478
478
482
483
484
485
486
488
488
489
489
489
490
491
491
492
492
492
494
495
496
497
498
499
500
502
503
504
504
505
506
507
507
509
509
509
512
513
513
514
515
516
517
518
518
521
521
524
525
525
526
527
528
530
531
532
532
534
534
534
535
536
537
537
537
537
538
539
539
539
539
540
541
541
541
543
544
544
545
546
547
550
551
551
552
552
552
554
555
555
557
557
558
558
559
559
560
561
562
564
564
564
564
564
566
567
567
568
571
572
572
573
573
573
575
579
579
582
582
583
584
584
585
585
585
588
588
588
589
590
590
591
592
592
593
593
594
594
596
598
599
599
600
602
603
604
605
606
608
608
608
609
610
613
613
614
614
617
617
619
619
620
622
624
625
626
626
627
628
629
629
630
631
631
632
634
635
636
637
637
637
637
638
639
639
639
640
640
641
647
648
650
650
651
651
652
652
653
654
654
655
656
658
659
661
662
663
664
664
665
666
666
667
668
668
669
669
673
673
674
674
675
675
675
678
681
682
683
683
685
687
687
687
687
689
689
690
693
693
694
694
695
696
696
699
700
701
702
702
703
703
704
704
704
704
704
705
706
706
706
707
707
707
708
708
708
709
714
714
716
717
719
719
721
721
721
721
721
723
723
724
724
727
727
728
728
731
733
736
736
736
736
737
737
738
738
739
740
742
744
745
746
747
747
748
749
751
752
753
754
755
756
756
758
759
759
760
762
766
767
768
769
771
771
772
772
772
773
774
774
774
775
776
777
778
778
780
781
781
781
782
782
782
783
783
784
784
784
787
788
789
790
791
792
793
793
796
796
796
797
798
798
799
800
802
802
803
803
803
809
812
812
814
814
815
816
817
818
818
818
818
821
821
822
822
825
825
828
828
829
831
831
837
837
838
838
839
840
841
843
844
845
847
848
848
851
853
857
859
859
860
860
861
863
863
864
864
864
866
868
868
869
870
870
870
872
872
873
874
875
875
875
876
877
879
879
885
886
887
887
889
889
891
892
894
894
895
895
896
898
898
898
900
901
903
903
906
907
907
907
908
909
910
911
911
914
917
919
919
920
921
924
925
925
925
926
927
927
928
928
928
928
929
930
931
931
933
934
934
934
936
936
937
939
939
939
941
942
942
943
944
944
945
945
945
947
948
949
951
952
954
954
955
956
961
961
963
965
967
967
969
970
973
975
977
980
980
981
981
981
983
990
992
992
993
997
998
1000
1000
1001
1001
1001
1001
1002
1003
1005
1007
1009
1012
1013
1014
1015
1015
1016
1016
1017
1019
1019
1019
1023
1023
1026
1027
1032
1035
1036
1039
1039
1040
1041
1043
1043
1043
1043
1045
1046
1046
1047
1047
1049
1050
1051
1052
1053
1055
1055
1056
1057
1058
1061
1063
1064
1065
1065
1067
1067
1067
1071
1071
1074
1074
1074
1075
1075
1076
1076
1079
1079
1079
1079
1080
1081
1083
1083
1087
1088
1088
1088
1089
1091
1092
1092
1092
1092
1092
1094
1095
1097
1097
1098
1099
1099
1100
1101
1102
1102
1105
1105
1108
1108
1110
1112
1113
1114
1114
1117
1117
1120
1121
1122
1123
1123
1125
1126
1128
1129
1129
1132
1133
1133
1134
1135
1135
1136
1138
1139
1140
1140
1142
1142
1144
1144
1147
1148
1148
1148
1148
1155
1155
1157
1158
1160
1162
1162
1164
1165
1166
1167
1167
1167
1168
1168
1169
1169
1171
1174
1174
1176
1176
1176
1177
1177
1179
1179
1183
1185
1186
1186
1186
1189
1189
1189
1190
1191
1191
1194
1195
1197
1197
1198
1199
1199
1200
1200
1201
1202
1204
1208
1208
1209
1210
1211
1212
1212
1213
1213
1214
1215
1215
1216
1217
1218
1219
1220
1221
1222
1222
1223
1225
1226
1227
1227
1228
1230
1231
1231
1232
1234
1236
1236
1237
1238
1239
1240
1241
1244
1244
1244
1246
1249
1250
1250
1251
1251
1254
1256
1257
1257
1259
1259
1261
1262
1263
1263
1263
1265
1269
1270
1271
1271
1271
1271
1272
1272
1274
1274
1275
1276
1277
1277
1278
1278
1278
1279
1280
1285
1288
1289
1290
1291
1293
1294
1299
1299
1300
1300
1301
1301
1302
1305
1307
1308
1309
1310
1310
1312
1315
1315
1315
1315
1317
1318
1320
1321
1321
1326
1328
1328
1330
1330
1330
1331
1331
1332
1332
1333
1334
1336
1338
1339
1339
1340
1341
1341
1342
1342
1343
1344
1344
1344
1344
1345
1345
1345
1346
1346
1346
1347
1349
1350
1350
1354
1358
1359
1361
1363
1364
1366
1366
1367
1368
1370
1370
1371
1371
1371
1371
1372
1373
1373
1375
1375
1375
1376
1377
1379
1382
1383
1383
1383
1383
1384
1384
1386
1386
1387
1387
1388
1390
1391
1391
1392
1393
1394
1400
1400
1401
1402
1403
1404
1405
1406
1406
1406
1406
1407
1411
1411
1412
1412
1412
1414
1419
1422
1423
1423
1425
1425
1426
1427
1428
1429
1430
1431
1433
1433
1435
1435
1436
1437
1437
1439
1440
1440
1441
1441
1442
1443
1443
1445
1446
1447
1447
1448
1448
1448
1449
1450
1450
1450
1452
1452
1453
1454
1455
1455
1455
1456
1456
1457
1460
1460
1462
1463
1463
1463
1465
1465
1468
1468
1470
1471
1471
1471
1472
1472
1474
1475
1476
1477
1477
1477
1478
1478
1479
1479
1479
1483
1483
1485
1487
1488
1489
1490
1491
1491
1491
1492
1494
1494
1494
1497
1497
1502
1503
1504
1505
1505
1505
1506
1507
1507
1508
1509
1509
1509
1510
1510
1511
1511
1513
1515
1516
1516
1517
1519
1519
1520
1523
1523
1524
1524
1526
1526
1527
1528
1528
1529
1533
1534
1535
1537
1538
1538
1539
1541
1542
1542
1544
1544
1545
1546
1548
1548
1548
1548
1550
1550
1552
1553
1554
1554
1555
1555
1556
1556
1557
1557
1559
1560
1562
1563
1565
1567
1567
1567
1568
1570
1572
1573
1573
1577
1577
1578
1578
1578
1578
1579
1579
1580
1581
1582
1582
1584
1585
1585
1588
1588
1588
1589
1590
1591
1591
1592
1592
1593
1595
1595
1596
1600
1601
1604
1604
1605
1606
1607
1609
1609
1610
1611
1611
1613
1614
1614
1615
1615
1616
1616
1618
1618
1619
1619
1620
1620
1621
1622
1624
1625
1625
1625
1625
1626
1626
1626
1627
1627
1628
1632
1634
1634
1637
1637
1637
1638
1639
1639
1640
1641
1643
1643
1646
1647
1647
1647
1648
1648
1649
1649
1650
1650
1650
1652
1652
1652
1654
1654
1655
1657
1657
1657
1659
1660
1662
1663
1663
1663
1663
1665
1667
1667
1670
1670
1671
1672
1672
1674
1674
1675
1676
1677
1680
1680
1680
1681
1686
1687
1687
1688
1689
1692
1692
1692
1692
1694
1695
1696
1696
1696
1702
1703
1704
1706
1706
1706
1707
1708
1709
1709
1710
1711
1713
1713
1713
1714
1716
1716
1716
1716
1716
1716
1719
1720
1720
1720
1720
1724
1726
1727
1727
1727
1729
1729
1730
1730
1733
1733
1734
1735
1735
1735
1736
1738
1738
1738
1739
1740
1740
1740
1743
1743
1744
1744
1744
1745
1745
1745
1746
1746
1746
1746
1748
1751
1752
1752
1753
1753
1753
1755
1756
1759
1760
1762
1765
1767
1767
1768
1769
1769
1770
1771
1772
1773
1775
1775
1775
1777
1778
1779
1779
1780
1781
1781
1784
1784
1785
1785
1786
1786
1786
1787
1787
1789
1795
1796
1799
1799
1799
1800
1801
1801
1801
1801
1802
1803
1804
1810
1811
1811
1814
1815
1816
1817
1817
1819
1820
1820
1821
1822
1822
1823
1823
1824
1824
1825
1825
1825
1827
1827
1828
1830
1830
1831
1831
1831
1831
1832
1832
1833
1833
1834
1834
1834
1835
1836
1838
1838
1840
1841
1842
1842
1843
1844
1845
1846
1846
1846
1847
1848
1849
1849
1855
1857
1858
1858
1859
1860
1861
1862
1863
1863
1863
1869
1869
1870
1870
1870
1871
1872
1872
1872
1873
1873
1873
1873
1877
1878
1878
1879
1881
1881
1881
1882
1882
1883
1883
1884
1884
1885
1887
1887
1888
1888
1889
1892
1892
1893
1894
1894
1895
1895
1895
1897
1897
1897
1898
1898
1901
1903
1905
1908
1908
1911
1912
1914
1916
1916
1917
1918
1919
1920
1921
1921
1921
1921
1922
1923
1923
1925
1927
1928
1928
1928
1928
1929
1929
1930
1930
1930
1931
1932
1933
1934
1935
1935
1935
1939
1940
1940
1940
1941
1941
1942
1942
1944
1945
1946
1946
1946
1946
1947
1948
1950
1950
1951
1951
1952
1952
1953
1953
1957
1957
1957
1957
1958
1959
1959
1960
1962
1964
1965
1967
1967
1968
1968
1969
1969
1969
1971
1971
1972
1973
1974
1976
1979
1982
1985
1985
1986
1986
1987
1988
1988
1989
1989
1990
1992
1992
1994
1994
1994
1995
1996
2000
2002
2002
2004
2004
2004
2005
2008
2008
2008
2008
2010
2010
2010
2012
2012
2013
2017
2018
2019
2019
2021
2025
2026
2027
2027
2028
2029
2029
2029
2031
2032
2035
2035
2036
2036
2038
2039
2039
2041
2042
2044
2044
2045
2046
2047
2051
2051
2052
2053
2054
2054
2054
2055
2055
2056
2057
2058
2059
2061
2065
2066
2066
2067
2069
2070
2070
2071
2071
2074
2074
2076
2078
2079
2080
2081
2081
2082
2082
2082
2082
2084
2084
2085
2086
2089
2090
2091
2091
2092
2094
2094
2094
2095
2097
2097
2100
2100
2101
2103
2103
2103
2105
2106
2107
2107
2108
2110
2112
2112
2113
2114
2118
2119
2120
2121
2122
2124
2126
2127
2129
2131
2131
2132
2133
2133
2134
2135
2136
2136
2137
2138
2139
2140
2140
2141
2141
2143
2143
2143
2145
2145
2147
2150
2150
2150
2151
2152
2152
2154
2154
2155
2156
2156
2157
2159
2160
2160
2161
2162
2163
2163
2163
2165
2167
2168
2170
2170
2172
2172
2173
2173
2174
2175
2182
2183
2183
2186
2187
2189
2189
2189
2190
2190
2191
2192
2193
2193
2193
2194
2196
2197
2198
2198
2199
2199
2203
2203
2203
2203
2203
2204
2206
2206
2209
2210
2210
2212
2212
2216
2216
2216
2217
2217
2220
2223
2223
2225
2225
2226
2226
2227
2228
2228
2230
2231
2231
2232
2233
2233
2234
2235
2235
2236
2236
2240
2240
2240
2241
2242
2243
2244
2244
2247
2248
2252
2252
2255
2255
2257
2258
2260
2260
2268
2268
2269
2270
2273
2274
2275
2276
2277
2279
2281
2281
2283
2284
2286
2287
2290
2291
2291
2292
2292
2293
2298
2298
2300
2300
2300
2301
2305
2306
2307
2307
2309
2309
2309
2309
2311
2312
2312
2313
2313
2315
2316
2317
2317
2318
2318
2318
2320
2321
2321
2322
2323
2324
2324
2324
2324
2325
2325
2326
2331
2331
2332
2333
2333
2333
2338
2338
2338
2339
2340
2341
2343
2343
2344
2347
2347
2348
2349
2351
2351
2351
2351
2352
2352
2352
2352
2353
2355
2355
2355
2357
2357
2357
2358
2358
2358
2361
2363
2364
2364
2365
2365
2367
2369
2369
2370
2371
2372
2372
2374
2375
2377
2378
2380
2381
2382
2383
2384
2385
2386
2386
2387
2388
2388
2390
2392
2393
2393
2394
2395
2395
2396
2397
2399
2399
2401
2403
2404
2404
2407
2408
2408
2410
2411
2412
2412
2413
2414
2416
2417
2422
2422
2422
2422
2424
2429
2430
2431
2431
2431
2432
2432
2433
2433
2434
2437
2437
2442
2442
2442
2443
2445
2445
2448
2449
2450
2451
2451
2451
2452
2452
2453
2455
2455
2455
2456
2457
2458
2459
2461
2461
2464
2464
2466
2467
2471
2472
2472
2472
2473
2473
2474
2475
2475
2478
2478
2479
2480
2480
2482
2483
2484
2485
2485
2485
2486
2486
2490
2491
2491
2492
2492
2492
2492
2493
2494
2496
2498
2499
2501
2502
2505
2505
2505
2508
2510
2510
2511
2512
2512
2512
2514
2515
2516
2517
2518
2518
2519
2519
2521
2522
2523
2524
2526
2526
2527
2527
2529
2530
2530
2532
2532
2533
2534
2537
2537
2538
2538
2538
2539
2540
2543
2545
2546
2546
2546
2547
2547
2548
2550
2550
2550
2551
2553
2555
2555
2555
2556
2557
2557
2558
2559
2559
2559
2560
2562
2562
2562
2563
2564
2565
2565
2566
2570
2571
2571
2576
2577
2582
2582
2584
2584
2585
2586
2589
2590
2592
2594
2595
2595
2595
2596
2596
2596
2597
2597
2599
2600
2601
2601
2604
2605
2606
2608
2608
2609
2609
2609
2610
2612
2612
2615
2617
2618
2618
2621
2621
2624
2628
2628
2629
2629
2630
2630
2631
2632
2633
2633
2634
2634
2635
2635
2635
2635
2637
2637
2638
2638
2642
2645
2645
2645
2647
2648
2648
2652
2652
2652
2653
2654
2655
2655
2655
2655
2661
2662
2663
2663
2663
2664
2665
2668
2668
2670
2670
2670
2670
2670
2671
2673
2675
2676
2676
2676
2678
2679
2679
2681
2682
2686
2686
2687
2688
2688
2689
2690
2690
2692
2692
2692
2693
2693
2695
2698
2698
2698
2699
2700
2700
2701
2703
2703
2704
2705
2706
2707
2708
2710
2710
2712
2712
2713
2715
2715
2716
2717
2717
2717
2717
2718
2720
2720
2721
2721
2721
2721
2723
2723
2723
2723
2724
2727
2727
2727
2728
2728
2729
2729
2731
2734
2736
2737
2737
2738
2739
2742
2742
2742
2743
2743
2743
2744
2744
2746
2746
2746
2748
2750
2751
2752
2753
2753
2754
2754
2755
2755
2755
2758
2759
2759
2760
2762
2762
2763
2763
2764
2765
2766
2767
2767
2769
2769
2770
2771
2771
2771
2771
2771
2771
2774
2776
2776
2776
2777
2777
2778
2779
2779
2783
2783
2784
2785
2785
2788
2789
2790
2791
2792
2792
2793
2793
2794
2795
2796
2797
2797
2798
2800
2800
2803
2803
2804
2806
2807
2808
2811
2811
2813
2813
2813
2814
2814
2815
2816
2819
2819
2820
2820
2820
2820
2821
2821
2822
2822
2823
2823
2824
2825
2825
2825
2829
2829
2830
2832
2834
2835
2836
2836
2837
2838
2840
2842
2846
2847
2847
2847
2849
2849
2850
2851
2851
2851
2854
2854
2857
2857
2857
2857
2858
2859
2859
2861
2862
2863
2864
2864
2868
2868
2872
2873
2873
2874
2875
2877
2877
2878
2878
2879
2880
2883
2883
2883
2884
2884
2884
2885
2886
2886
2887
2887
2888
2889
2890
2892
2892
2893
2893
2894
2894
2896
2896
2896
2898
2898
2898
2900
2901
2901
2901
2902
2903
2903
2905
2906
2907
2908
2908
2909
2909
2910
2910
2913
2914
2915
2916
2916
2916
2917
2917
2919
2921
2922
2924
2926
2927
2927
2928
2928
2929
2930
2932
2933
2934
2934
2934
2935
2935
2935
2936
2938
2938
2939
2940
2940
2941
2941
2941
2941
2941
2942
2943
2944
2946
2947
2948
2952
2953
2954
2954
2957
2957
2959
2960
2960
2961
2962
2963
2963
2965
2967
2968
2972
2975
2975
2976
2978
2978
2978
2979
2980
2980
2981
2982
2982
2982
2984
2987
2988
2989
2989
2990
2992
2993
2994
2994
2994
2995
2997
2997
2998
3000
3001
3003
3004
3008
3011
3012
3012
3015
3016
3016
3016
3016
3018
3019
3019
3019
3020
3020
3020
3021
3023
3023
3024
3024
3026
3027
3027
3028
3029
3030
3030
3034
3036
3036
3036
3039
3040
3041
3043
3044
3044
3045
3046
3046
3046
3049
3049
3050
3051
3051
3054
3054
3055
3057
3058
3058
3060
3062
3062
3063
3065
3066
3066
3066
3066
3068
3069
3069
3070
3072
3073
3080
3081
3082
3083
3084
3086
3088
3090
3091
3093
3093
3093
3094
3094
3095
3096
3096
3098
3098
3099
3099
3101
3102
3103
3103
3103
3104
3104
3105
3105
3106
3106
3106
3111
3112
3113
3113
3114
3115
3116
3117
3117
3117
3120
3120
3121
3121
3122
3123
3123
3124
3124
3125
3126
3126
3126
3127
3128
3128
3129
3131
3132
3133
3133
3133
3133
3134
3135
3136
3136
3137
3138
3138
3140
3143
3143
3144
3144
3144
3145
3147
3147
3147
3148
3149
3149
3149
3150
3151
3153
3154
3155
3155
3156
3159
3160
3163
3163
3165
3165
3166
3167
3167
3167
3168
3170
3173
3173
3174
3174
3174
3176
3177
3178
3178
3179
3181
3183
3183
3184
3185
3185
3186
3188
3188
3188
3189
3191
3191
3191
3191
3195
3195
3195
3197
3198
3198
3201
3201
3202
3204
3204
3205
3206
3206
3207
3207
3207
3208
3210
3212
3216
3216
3216
3216
3218
3219
3219
3219
3220
3220
3221
3223
3226
3228
3229
3231
3231
3231
3235
3235
3236
3237
3237
3237
3240
3241
3242
3244
3245
3251
3251
3252
3253
3253
3254
3254
3261
3264
3266
3267
3267
3268
3270
3270
3270
3270
3271
3271
3271
3272
3273
3277
3278
3280
3281
3283
3284
3284
3286
3286
3286
3287
3288
3289
3289
3290
3290
3291
3291
3291
3292
3296
3298
3298
3299
3300
3303
3305
3307
3308
3309
3309
3311
3311
3311
3312
3312
3312
3313
3313
3314
3314
3315
3315
3316
3317
3318
3318
3318
3319
3319
3319
3321
3321
3321
3322
3323
3324
3324
3325
3326
3327
3328
3328
3328
3330
3330
3332
3335
3335
3336
3337
3337
3337
3337
3337
3337
3337
3338
3339
3339
3339
3341
3341
3341
3342
3343
3344
3345
3345
3349
3349
3352
3352
3353
3355
3359
3360
3362
3363
3363
3365
3366
3368
3370
3370
3372
3375
3379
3379
3380
3381
3382
3382
3384
3386
3387
3387
3389
3389
3391
3392
3393
3395
3395
3395
3401
3401
3403
3404
3404
3405
3405
3406
3408
3408
3408
3409
3410
3411
3411
3412
3412
3413
3414
3415
3415
3416
3417
3418
3418
3419
3419
3419
3420
3421
3421
3423
3424
3425
3427
3428
3431
3431
3431
3431
3432
3434
3436
3437
3439
3439
3440
3441
3441
3443
3443
3444
3446
3446
3448
3449
3449
3451
3452
3452
3453
3453
3454
3455
3456
3457
3457
3457
3458
3460
3460
3462
3462
3462
3463
3463
3464
3464
3464
3465
3465
3466
3466
3467
3469
3469
3470
3471
3474
3475
3477
3479
3480
3480
3481
3483
3483
3484
3485
3487
3487
3487
3488
3488
3488
3489
3491
3493
3493
3493
3494
3495
3497
3497
3499
3500
3500
3501
3501
3504
3505
3506
3507
3508
3512
3513
3514
3516
3517
3518
3521
3521
3521
3521
3522
3523
3524
3524
3524
3525
3526
3527
3527
3528
3529
3530
3530
3532
3533
3534
3535
3535
3535
3536
3537
3538
3538
3539
3540
3540
3543
3543
3543
3544
3544
3546
3546
3546
3547
3547
3549
3549
3549
3550
3550
3551
3552
3553
3553
3554
3554
3554
3555
3556
3557
3557
3557
3557
3557
3558
3559
3560
3561
3562
3562
3563
3563
3563
3566
3566
3566
3567
3567
3568
3569
3570
3571
3571
3571
3571
3575
3575
3576
3577
3579
3580
3582
3583
3584
3585
3585
3586
3586
3586
3586
3587
3588
3589
3590
3590
3594
3595
3596
3597
3597
3598
3599
3599
3602
3603
3604
3605
3605
3606
3607
3608
3608
3610
3611
3612
3612
3613
3613
3614
3614
3615
3616
3619
3620
3621
3621
3621
3621
3622
3623
3626
3627
3627
3628
3629
3630
3630
3633
3633
3634
3636
3637
3637
3639
3642
3644
3645
3646
3647
3647
3648
3649
3651
3651
3655
3657
3658
3659
3659
3659
3664
3666
3670
3671
3672
3672
3672
3673
3674
3675
3675
3676
3677
3677
3677
3679
3682
3682
3682
3683
3684
3685
3690
3690
3693
3693
3696
3697
3697
3701
3701
3703
3703
3704
3706
3706
3707
3707
3708
3708
3709
3709
3709
3711
3712
3712
3714
3716
3717
3718
3718
3719
3719
3721
3722
3722
3723
3723
3725
3726
3726
3726
3727
3729
3730
3731
3732
3733
3737
3739
3740
3741
3741
3742
3742
3742
3743
3743
3743
3745
3745
3747
3748
3748
3749
3749
3752
3753
3754
3755
3757
3759
3760
3761
3765
3768
3769
3771
3772
3772
3772
3772
3775
3775
3775
3776
3777
3777
3779
3779
3780
3780
3781
3782
3785
3785
3785
3785
3785
3785
3789
3790
3791
3794
3797
3797
3797
3799
3799
3801
3802
3802
3802
3804
3804
3807
3808
3809
3810
3810
3812
3813
3815
3815
3818
3819
3819
3820
3821
3821
3821
3823
3826
3828
3830
3834
3836
3836
3840
3840
3841
3841
3842
3843
3844
3845
3845
3845
3847
3847
3847
3848
3848
3851
3856
3856
3860
3860
3862
3863
3864
3864
3867
3867
3867
3869
3870
3871
3871
3873
3874
3875
3876
3876
3876
3877
3878
3879
3879
3879
3883
3884
3885
3886
3886
3887
3887
3890
3892
3893
3895
3896
3897
3898
3898
3899
3901
3901
3901
3903
3904
3905
3906
3906
3906
3907
3908
3909
3910
3911
3913
3914
3915
3917
3917
3918
3920
3921
3921
3921
3921
3922
3924
3926
3927
3932
3932
3934
3935
3935
3936
3937
3939
3939
3941
3941
3942
3942
3943
3943
3944
3945
3946
3950
3952
3953
3954
3956
3956
3958
3959
3959
3962
3963
3964
3964
3964
3967
3969
3970
3970
3971
3972
3973
3973
3974
3975
3976
3976
3980
3980
3980
3983
3985
3985
3985
3986
3986
3988
3989
3989
3990
3992
3994
3995
3998
3998
3998
3999
4000
4000
4001
4001
4004
4004
4006
4006
4006
4007
4008
4009
4009
4011
4011
4012
4014
4014
4014
4014
4015
4015
4016
4016
4016
4017
4018
4018
4020
4020
4021
4023
4027
4029
4030
4030
4030
4031
4031
4032
4035
4035
4036
4036
4037
4037
4037
4038
4039
4040
4040
4040
4041
4041
4044
4044
4045
4046
4049
4049
4050
4051
4051
4052
4053
4054
4056
4056
4057
4059
4061
4061
4062
4063
4063
4064
4064
4065
4065
4066
4066
4066
4067
4069
4069
4070
4071
4071
4071
4071
4073
4074
4075
4076
4076
4079
4079
4080
4081
4082
4083
4085
4086
4086
4087
4089
4089
4089
4091
4091
4091
4092
4092
4094
4097
4098
4100
4101
4103
4103
4106
4109
4109
4111
4112
4112
4113
4113
4114
4114
4114
4116
4117
4117
4117
4119
4120
4123
4123
4124
4124
4124
4125
4126
4126
4126
4126
4127
4127
4127
4127
4127
4127
4129
4130
4130
4130
4133
4133
4135
4137
4137
4137
4138
4138
4139
4139
4140
4141
4143
4145
4145
4148
4149
4150
4151
4152
4153
4155
4156
4157
4157
4158
4158
4160
4161
4162
4163
4164
4166
4168
4168
4168
4169
4169
4170
4171
4173
4174
4174
4174
4175
4175
4176
4178
4179
4179
4180
4181
4182
4186
4188
4189
4191
4193
4195
4196
4196
4197
4197
4197
4198
4199
4199
4200
4200
4200
4201
4201
4202
4207
4209
4211
4211
4214
4214
4218
4222
4223
4225
4226
4231
4231
4233
4233
4233
4235
4236
4237
4238
4239
4239
4240
4241
4243
4243
4245
4246
4246
4247
4248
4249
4250
4250
4250
4251
4252
4252
4252
4253
4254
4254
4255
4256
4259
4260
4260
4262
4262
4264
4264
4265
4265
4267
4267
4267
4270
4270
4270
4273
4274
4276
4278
4279
4279
4279
4279
4282
4282
4283
4284
4285
4286
4287
4290
4292
4294
4294
4295
4295
4296
4298
4298
4298
4299
4299
4300
4302
4303
4303
4304
4304
4305
4305
4305
4305
4307
4310
4311
4311
4313
4313
4315
4316
4317
4317
4317
4319
4319
4319
4321
4321
4321
4322
4324
4324
4326
4327
4329
4329
4330
4332
4333
4334
4335
4335
4336
4337
4338
4339
4339
4339
4339
4341
4342
4343
4343
4344
4344
4345
4346
4347
4347
4348
4348
4349
4350
4350
4351
4352
4354
4355
4356
4358
4359
4359
4360
4361
4362
4362
4363
4364
4366
4366
4366
4366
4370
4372
4372
4372
4372
4374
4374
4374
4377
4377
4377
4378
4378
4379
4379
4380
4383
4383
4383
4385
4385
4390
4391
4393
4396
4397
4398
4398
4398
4398
4398
4399
4400
4401
4403
4406
4406
4407
4407
4408
4408
4409
4411
4411
4411
4412
4412
4412
4412
4413
4413
4413
4414
4415
4415
4416
4417
4419
4421
4422
4422
4422
4423
4424
4424
4425
4427
4427
4429
4430
4432
4433
4433
4437
4437
4437
4437
4439
4439
4440
4442
4442
4443
4443
4445
4446
4446
4447
4448
4450
4451
4452
4452
4454
4455
4455
4455
4459
4461
4461
4461
4464
4464
4465
4467
4468
4469
4470
4471
4471
4472
4472
4473
4473
4474
4474
4474
4474
4475
4475
4476
4476
4477
4479
4480
4480
4481
4481
4482
4482
4483
4483
4483
4483
4483
4483
4484
4484
4485
4485
4486
4487
4488
4490
4490
4492
4493
4494
4494
4497
4499
4499
4499
4499
4500
4501
4504
4504
4504
4504
4505
4507
4508
4508
4509
4510
4510
4511
4511
4512
4513
4515
4517
4517
4519
4522
4523
4524
4524
4524
4525
4526
4526
4527
4527
4527
4530
4533
4533
4534
4535
4535
4535
4536
4538
4538
4540
4540
4540
4541
4541
4542
4543
4544
4545
4546
4546
4547
4547
4548
4549
4549
4550
4552
4553
4554
4554
4555
4555
4557
4560
4560
4560
4562
4564
4566
4568
4569
4571
4572
4572
4573
4574
4575
4576
4576
4576
4577
4577
4578
4578
4579
4579
4580
4584
4584
4587
4587
4587
4588
4591
4591
4592
4593
4593
4593
4594
4595
4596
4596
4599
4600
4600
4601
4603
4605
4605
4608
4609
4610
4615
4616
4616
4617
4617
4618
4619
4621
4622
4624
4624
4624
4625
4626
4629
4630
4630
4631
4631
4631
4634
4635
4636
4636
4637
4641
4643
4644
4645
4647
4649
4649
4649
4650
4650
4651
4652
4652
4652
4654
4654
4655
4656
4656
4657
4658
4661
4662
4662
4662
4663
4666
4669
4669
4671
4674
4674
4676
4676
4676
4677
4678
4678
4681
4683
4683
4685
4687
4688
4688
4691
4691
4692
4693
4693
4693
4698
4698
4699
4699
4700
4700
4701
4701
4702
4706
4707
4708
4708
4708
4713
4713
4713
4718
4718
4719
4720
4721
4721
4721
4724
4725
4726
4727
4727
4728
4730
4730
4731
4731
4734
4735
4735
4737
4739
4740
4742
4743
4743
4745
4745
4746
4747
4747
4747
4748
4749
4749
4751
4751
4752
4752
4753
4753
4754
4757
4757
4757
4757
4758
4759
4760
4765
4765
4765
4767
4768
4770
4771
4773
4773
4773
4774
4775
4777
4779
4780
4781
4781
4781
4783
4783
4784
4784
4786
4787
4789
4790
4790
4790
4792
4792
4793
4793
4794
4794
4794
4795
4795
4796
4796
4796
4797
4798
4798
4798
4799
4803
4803
4804
4804
4805
4808
4808
4809
4809
4809
4810
4812
4813
4815
4815
4816
4817
4817
4819
4819
4821
4822
4825
4825
4827
4831
4831
4832
4833
4833
4836
4839
4839
4839
4840
4841
4842
4843
4843
4845
4846
4846
4848
4850
4851
4852
4855
4855
4856
4856
4858
4859
4860
4860
4860
4860
4863
4863
4864
4864
4865
4865
4865
4865
4866
4867
4868
4870
4871
4871
4872
4873
4875
4875
4875
4877
4878
4879
4880
4880
4881
4881
4883
4883
4884
4885
4887
4889
4890
4891
4891
4893
4895
4898
4899
4900
4901
4901
4903
4904
4905
4906
4907
4908
4908
4910
4911
4914
4914
4915
4916
4918
4919
4919
4919
4919
4922
4922
4922
4924
4925
4926
4927
4929
4933
4934
4934
4935
4935
4936
4936
4937
4937
4937
4938
4938
4938
4939
4941
4941
4941
4941
4942
4942
4942
4945
4948
4949
4949
4949
4950
4951
4951
4952
4952
4952
4954
4954
4955
4955
4956
4956
4958
4958
4958
4961
4966
4966
4967
4969
4970
4970
4973
4973
4974
4974
4975
4975
4976
4976
4976
4977
4979
4980
4982
4982
4984
4984
4986
4986
4987
4987
4988
4988
4989
4990
4990
4990
4993
4993
4994
4996
4996
4998
4999
5001
5001
5003
5006
5006
5008
5008
5009
5016
5018
5019
5021
5022
5022
5023
5024
5025
5028
5030
5031
5031
5032
5032
5034
5034
5035
5035
5035
5036
5038
5039
5039
5042
5043
5043
5045
5046
5047
5048
5049
5049
5050
5051
5051
5051
5052
5052
5053
5053
5054
5054
5055
5057
5057
5058
5058
5059
5061
5062
5065
5066
5066
5066
5066
5066
5067
5067
5070
5072
5073
5074
5077
5078
5079
5080
5084
5084
5086
5086
5087
5088
5088
5090
5091
5091
5092
5094
5094
5096
5096
5096
5097
5097
5097
5098
5101
5101
5102
5103
5103
5108
5108
5112
5113
5115
5116
5116
5117
5120
5121
5121
5122
5122
5124
5124
5124
5125
5126
5127
5128
5128
5129
5130
5132
5134
5135
5136
5138
5138
5138
5140
5141
5143
5143
5148
5148
5150
5150
5150
5151
5151
5151
5153
5156
5160
5161
5161
5164
5164
5165
5166
5167
5167
5168
5170
5170
5171
5172
5172
5173
5174
5175
5178
5179
5179
5180
5180
5180
5183
5183
5184
5186
5187
5187
5188
5189
5189
5191
5193
5193
5194
5194
5195
5196
5196
5198
5199
5200
5200
5200
5201
5202
5202
5203
5205
5205
5205
5208
5208
5211
5212
5213
5215
5216
5218
5218
5220
5220
5221
5223
5223
5224
5224
5225
5225
5226
5227
5228
5230
5231
5233
5235
5238
5238
5242
5244
5246
5247
5248
5248
5248
5249
5251
5252
5255
5256
5257
5257
5259
5261
5264
5267
5268
5269
5270
5270
5270
5272
5273
5276
5276
5280
5280
5281
5283
5285
5286
5288
5292
5292
5292
5292
5293
5293
5294
5294
5295
5296
5299
5299
5304
5304
5306
5306
5316
5316
5316
5318
5319
5321
5322
5322
5323
5323
5324
5329
5332
5334
5334
5334
5334
5335
5335
5335
5335
5336
5336
5336
5339
5341
5347
5348
5348
5349
5350
5350
5351
5352
5352
5352
5353
5354
5354
5356
5356
5357
5358
5359
5359
5360
5360
5360
5362
5362
5362
5364
5364
5365
5365
5367
5367
5367
5368
5368
5368
5370
5372
5374
5374
5374
5376
5377
5377
5379
5380
5380
5381
5382
5382
5385
5386
5387
5388
5389
5391
5391
5392
5394
5394
5396
5396
5396
5397
5398
5398
5400
5401
5402
5402
5404
5405
5405
5405
5407
5408
5408
5409
5409
5410
5411
5411
5411
5414
5414
5415
5415
5418
5418
5421
5423
5424
5426
5426
5427
5427
5428
5428
5429
5431
5432
5432
5433
5436
5438
5438
5439
5441
5441
5442
5442
5443
5445
5446
5446
5447
5449
5449
5450
5456
5457
5458
5458
5462
5465
5466
5466
5467
5470
5470
5471
5471
5473
5474
5474
5475
5475
5476
5477
5478
5481
5482
5483
5484
5486
5486
5487
5488
5493
5493
5495
5495
5496
5496
5496
5499
5499
5504
5504
5504
5505
5505
5506
5508
5508
5509
5510
5511
5511
5512
5513
5513
5515
5518
5519
5520
5522
5522
5524
5524
5525
5525
5529
5530
5531
5533
5533
5533
5534
5534
5536
5536
5537
5537
5540
5543
5544
5547
5551
5552
5553
5554
5554
5555
5557
5558
5562
5565
5566
5568
5568
5569
5570
5571
5573
5573
5573
5576
5576
5576
5577
5577
5577
5577
5578
5578
5580
5581
5583
5586
5586
5587
5588
5589
5589
5589
5590
5591
5591
5591
5592
5594
5595
5596
5596
5597
5598
5598
5601
5604
5604
5606
5606
5606
5608
5608
5609
5612
5614
5616
5619
5619
5619
5619
5619
5622
5622
5623
5623
5624
5625
5625
5626
5628
5628
5629
5629
5633
5634
5634
5635
5635
5636
5638
5639
5640
5640
5641
5643
5644
5644
5645
5645
5645
5647
5647
5648
5649
5649
5650
5653
5655
5655
5655
5657
5661
5663
5664
5665
5666
5667
5668
5672
5672
5672
5677
5677
5678
5679
5680
5680
5681
5682
5683
5684
5685
5686
5688
5689
5689
5690
5691
5692
5692
5693
5693
5693
5694
5695
5697
5697
5697
5699
5700
5700
5700
5701
5703
5703
5704
5705
5706
5706
5711
5711
5711
5712
5713
5715
5717
5718
5720
5721
5721
5722
5723
5724
5724
5725
5726
5727
5729
5729
5731
5731
5732
5733
5737
5737
5739
5739
5739
5740
5740
5741
5743
5743
5745
5747
5748
5748
5750
5750
5751
5752
5752
5755
5756
5758
5758
5758
5759
5760
5760
5762
5763
5764
5765
5766
5767
5767
5768
5769
5771
5771
5772
5773
5775
5776
5776
5779
5780
5780
5782
5782
5783
5783
5784
5787
5787
5788
5788
5789
5789
5790
5792
5796
5797
5798
5798
5800
5802
5802
5803
5803
5804
5805
5806
5806
5807
5809
5810
5810
5810
5811
5812
5813
5814
5817
5818
5820
5821
5821
5823
5823
5823
5824
5827
5827
5829
5829
5830
5830
5832
5832
5833
5834
5836
5840
5841
5842
5843
5843
5844
5844
5845
5846
5847
5847
5848
5851
5852
5853
5854
5855
5857
5857
5858
5858
5859
5860
5860
5860
5861
5863
5864
5865
5870
5871
5871
5874
5874
5874
5875
5875
5877
5877
5877
5877
5878
5878
5879
5880
5882
5883
5883
5883
5886
5886
5889
5889
5891
5891
5892
5892
5893
5894
5895
5895
5895
5896
5896
5898
5901
5902
5903
5905
5905
5912
5913
5915
5916
5916
5917
5918
5919
5920
5920
5921
5923
5925
5927
5928
5930
5931
5931
5932
5933
5935
5936
5936
5937
5940
5940
5940
5944
5946
5947
5949
5950
5952
5953
5953
5955
5956
5958
5960
5962
5962
5964
5965
5969
5969
5971
5972
5972
5973
5973
5974
5975
5976
5977
5977
5977
5979
5980
5980
5981
5981
5982
5982
5983
5984
5985
5985
5986
5986
5986
5986
5986
5987
5989
5990
5992
5993
5993
5994
5995
5997
5997
5997
5999
5999
6000
6003
6004
6005
6005
6006
6007
6008
6008
6009
6010
6010
6011
6012
6012
6014
6016
6016
6017
6019
6020
6021
6024
6025
6026
6028
6029
6030
6030
6031
6033
6033
6033
6034
6036
6036
6036
6037
6039
6040
6041
6043
6044
6045
6046
6046
6047
6047
6047
6049
6050
6050
6050
6051
6051
6052
6052
6052
6054
6055
6058
6059
6060
6061
6062
6062
6063
6066
6071
6072
6074
6076
6078
6080
6080
6082
6082
6083
6084
6084
6084
6085
6086
6089
6089
6090
6092
6094
6095
6096
6096
6099
6100
6101
6103
6104
6104
6105
6105
6105
6106
6106
6108
6115
6116
6116
6118
6119
6119
6119
6120
6120
6120
6121
6122
6123
6124
6124
6127
6127
6127
6128
6128
6129
6130
6132
6133
6133
6135
6136
6136
6140
6140
6141
6142
6143
6144
6144
6146
6148
6148
6148
6149
6150
6151
6152
6152
6153
6157
6160
6163
6164
6165
6165
6166
6167
6168
6168
6169
6170
6170
6173
6173
6173
6177
6178
6178
6180
6181
6184
6184
6185
6186
6188
6188
6189
6190
6190
6192
6193
6193
6196
6196
6196
6197
6198
6199
6200
6205
6205
6206
6206
6207
6207
6207
6207
6207
6207
6207
6209
6209
6209
6209
6210
6210
6210
6211
6211
6212
6215
6216
6216
6217
6217
6219
6221
6222
6222
6223
6227
6228
6229
6229
6230
6230
6232
6232
6233
6234
6235
6237
6237
6238
6238
6239
6242
6242
6243
6243
6243
6244
6248
6249
6250
6250
6250
6252
6253
6255
6255
6256
6257
6257
6258
6259
6259
6259
6260
6260
6264
6264
6264
6267
6268
6272
6272
6273
6274
6276
6281
6282
6283
6283
6283
6283
6284
6285
6285
6288
6289
6291
6294
6296
6297
6297
6298
6299
6300
6300
6307
6308
6311
6312
6313
6313
6314
6315
6317
6317
6318
6319
6320
6321
6321
6322
6324
6324
6325
6325
6326
6327
6327
6329
6330
6333
6335
6335
6335
6337
6339
6339
6339
6339
6340
6342
6344
6344
6346
6346
6347
6348
6350
6352
6353
6353
6355
6355
6356
6357
6360
6362
6362
6363
6363
6364
6364
6364
6365
6366
6367
6368
6373
6374
6375
6376
6376
6377
6378
6379
6380
6382
6382
6382
6383
6385
6389
6390
6391
6392
6393
6393
6394
6396
6400
6401
6402
6403
6403
6403
6404
6404
6404
6405
6406
6407
6407
6408
6409
6410
6410
6410
6414
6414
6415
6419
6420
6420
6421
6423
6424
6425
6425
6425
6426
6428
6429
6431
6431
6432
6434
6434
6435
6435
6436
6437
6437
6439
6441
6441
6442
6444
6446
6446
6447
6448
6450
6451
6454
6454
6455
6455
6458
6458
6459
6459
6463
6464
6465
6466
6467
6468
6468
6469
6470
6471
6471
6471
6473
6475
6476
6477
6478
6478
6478
6478
6479
6479
6481
6488
6488
6489
6490
6492
6492
6493
6493
6495
6495
6496
6497
6500
6501
6501
6502
6503
6503
6506
6507
6509
6510
6511
6514
6514
6514
6515
6516
6516
6516
6518
6518
6521
6523
6524
6525
6526
6527
6527
6528
6528
6528
6529
6530
6530
6530
6533
6534
6535
6536
6537
6540
6540
6540
6542
6544
6544
6546
6548
6548
6548
6549
6549
6551
6552
6553
6553
6554
6555
6557
6558
6559
6562
6563
6563
6565
6565
6572
6572
6573
6573
6575
6575
6577
6577
6578
6579
6579
6579
6580
6580
6580
6581
6581
6585
6585
6585
6586
6586
6588
6588
6588
6589
6591
6593
6594
6594
6595
6595
6597
6597
6600
6603
6604
6604
6605
6605
6605
6605
6606
6607
6609
6611
6612
6613
6617
6617
6622
6623
6624
6624
6625
6626
6626
6629
6629
6631
6631
6632
6633
6633
6633
6635
6636
6636
6637
6638
6639
6640
6645
6647
6648
6652
6652
6654
6654
6656
6656
6657
6661
6661
6662
6662
6663
6667
6667
6668
6669
6669
6670
6672
6675
6677
6677
6678
6679
6682
6683
6684
6685
6686
6686
6686
6686
6689
6689
6691
6695
6696
6697
6697
6698
6698
6699
6699
6700
6700
6702
6702
6702
6703
6703
6703
6704
6706
6706
6707
6708
6709
6710
6711
6712
6714
6715
6718
6719
6719
6720
6721
6721
6722
6726
6727
6728
6728
6729
6729
6729
6731
6731
6733
6734
6734
6735
6735
6736
6738
6739
6739
6739
6740
6740
6741
6741
6742
6743
6743
6743
6743
6744
6744
6744
6744
6745
6745
6745
6747
6748
6748
6750
6750
6751
6751
6752
6752
6752
6753
6755
6756
6756
6759
6759
6759
6759
6759
6761
6765
6766
6767
6767
6767
6769
6770
6770
6772
6773
6773
6773
6778
6778
6779
6779
6781
6781
6782
6783
6786
6786
6787
6787
6788
6788
6790
6791
6793
6795
6796
6796
6796
6797
6797
6797
6799
6799
6799
6800
6800
6801
6803
6804
6804
6805
6805
6807
6810
6811
6811
6812
6813
6813
6813
6814
6815
6815
6816
6816
6818
6818
6818
6819
6819
6820
6820
6821
6821
6824
6825
6829
6829
6830
6831
6831
6832
6833
6834
6835
6837
6841
6843
6845
6845
6847
6848
6848
6849
6850
6852
6852
6854
6857
6861
6864
6864
6864
6864
6865
6865
6866
6868
6868
6869
6869
6871
6874
6877
6878
6878
6880
6881
6882
6882
6883
6885
6887
6887
6887
6892
6893
6893
6894
6894
6894
6895
6895
6895
6896
6899
6899
6899
6900
6900
6904
6905
6905
6907
6907
6908
6909
6909
6910
6910
6912
6913
6914
6914
6914
6915
6915
6916
6917
6918
6920
6920
6922
6922
6923
6925
6925
6927
6928
6930
6931
6931
6932
6933
6934
6934
6936
6937
6938
6940
6940
6942
6942
6943
6945
6948
6951
6952
6955
6955
6955
6959
6961
6961
6964
6965
6965
6966
6966
6967
6969
6969
6969
6970
6970
6974
6974
6975
6976
6976
6976
6978
6979
6979
6979
6980
6982
6985
6985
6985
6987
6988
6988
6990
6992
6993
6994
6994
6994
6998
6998
6998
6999
7002
7003
7003
7004
7007
7008
7010
7012
7012
7012
7013
7013
7014
7014
7015
7017
7020
7021
7022
7022
7023
7025
7026
7028
7029
7030
7031
7032
7032
7036
7037
7039
7040
7040
7040
7040
7041
7041
7041
7042
7044
7045
7045
7046
7047
7050
7051
7052
7052
7053
7053
7058
7059
7059
7060
7060
7060
7060
7060
7061
7062
7062
7063
7064
7064
7065
7066
7068
7068
7068
7070
7072
7072
7074
7074
7076
7077
7078
7081
7082
7082
7083
7083
7084
7084
7085
7085
7085
7087
7088
7090
7091
7092
7093
7093
7093
7093
7093
7094
7094
7094
7094
7095
7101
7102
7102
7103
7103
7104
7106
7106
7107
7109
7109
7110
7111
7111
7111
7112
7113
7115
7116
7116
7118
7118
7118
7119
7120
7120
7123
7124
7124
7125
7126
7126
7127
7127
7130
7130
7130
7133
7133
7135
7135
7135
7136
7136
7138
7140
7140
7141
7141
7142
7142
7142
7142
7143
7143
7145
7145
7146
7147
7149
7150
7152
7153
7153
7153
7155
7157
7157
7157
7159
7159
7160
7160
7161
7162
7163
7163
7164
7167
7168
7169
7170
7171
7172
7172
7174
7175
7176
7176
7177
7178
7179
7179
7180
7181
7183
7183
7186
7186
7189
7191
7192
7192
7195
7195
7199
7199
7199
7200
7200
7202
7203
7205
7206
7207
7212
7212
7217
7217
7220
7220
7221
7221
7222
7223
7223
7223
7223
7224
7225
7225
7227
7228
7232
7235
7235
7238
7239
7239
7240
7242
7242
7242
7243
7245
7245
7245
7246
7246
7248
7251
7254
7254
7255
7255
7255
7259
7260
7264
7266
7268
7269
7270
7272
7273
7275
7278
7279
7279
7279
7281
7281
7283
7286
7287
7288
7288
7290
7290
7291
7292
7295
7295
7296
7296
7301
7305
7306
7308
7309
7309
7310
7311
7316
7317
7319
7319
7320
7320
7321
7321
7321
7322
7323
7323
7324
7324
7325
7326
7327
7327
7330
7331
7332
7332
7333
7334
7334
7334
7335
7336
7336
7339
7340
7341
7342
7345
7346
7348
7349
7350
7352
7353
7357
7357
7357
7359
7360
7360
7361
7361
7361
7361
7362
7363
7363
7364
7364
7366
7366
7367
7367
7367
7369
7369
7369
7370
7371
7372
7373
7375
7375
7378
7379
7379
7380
7381
7382
7382
7382
7383
7385
7385
7385
7386
7387
7387
7387
7389
7390
7390
7391
7391
7391
7392
7392
7394
7394
7394
7395
7395
7397
7399
7401
7401
7402
7403
7405
7406
7406
7406
7407
7408
7408
7409
7409
7409
7411
7411
7411
7412
7412
7413
7413
7415
7417
7419
7422
7425
7426
7427
7428
7429
7429
7430
7430
7430
7431
7431
7432
7433
7438
7440
7441
7441
7442
7446
7446
7447
7447
7448
7450
7450
7450
7452
7452
7454
7455
7456
7456
7457
7457
7457
7458
7459
7459
7459
7460
7461
7461
7463
7463
7464
7464
7467
7467
7469
7469
7470
7471
7471
7472
7473
7473
7473
7475
7476
7476
7477
7477
7477
7478
7478
7479
7479
7479
7480
7482
7483
7483
7484
7484
7485
7485
7485
7486
7487
7487
7489
7490
7491
7491
7493
7494
7494
7496
7497
7498
7499
7501
7506
7506
7506
7507
7508
7510
7511
7511
7512
7513
7513
7515
7515
7516
7516
7516
7516
7518
7518
7519
7520
7522
7523
7525
7525
7526
7528
7529
7530
7530
7530
7533
7533
7534
7534
7534
7535
7536
7538
7539
7540
7541
7541
7542
7543
7544
7547
7547
7548
7548
7549
7551
7552
7552
7552
7554
7555
7555
7556
7558
7559
7560
7562
7563
7563
7564
7565
7567
7568
7568
7569
7569
7570
7572
7572
7574
7576
7576
7577
7577
7578
7579
7579
7580
7581
7582
7583
7584
7584
7585
7585
7586
7587
7588
7588
7589
7589
7590
7590
7591
7592
7593
7595
7596
7598
7599
7599
7600
7600
7602
7602
7602
7603
7603
7603
7605
7606
7606
7607
7607
7609
7609
7609
7612
7612
7613
7613
7617
7619
7620
7621
7621
7622
7622
7623
7624
7624
7625
7626
7626
7628
7628
7632
7632
7633
7634
7635
7638
7640
7640
7640
7641
7642
7643
7645
7645
7647
7647
7648
7650
7651
7653
7653
7653
7654
7654
7654
7661
7666
7667
7668
7668
7670
7672
7672
7673
7673
7673
7673
7678
7678
7678
7679
7681
7683
7686
7686
7689
7693
7693
7694
7694
7695
7695
7697
7698
7698
7698
7699
7700
7700
7700
7702
7702
7704
7708
7708
7708
7709
7711
7711
7711
7713
7714
7715
7716
7716
7717
7718
7722
7723
7724
7727
7727
7728
7729
7733
7738
7749
7749
7749
7756
7757
7759
7759
7759
7759
7759
7760
7760
7760
7761
7762
7762
7763
7763
7763
7763
7765
7766
7766
7769
7770
7770
7772
7773
7773
7775
7776
7776
7776
7777
7780
7780
7785
7789
7792
7792
7794
7795
7798
7801
7801
7801
7802
7802
7806
7806
7806
7807
7807
7808
7809
7809
7810
7810
7810
7811
7811
7814
7814
7815
7816
7817
7820
7821
7821
7824
7824
7825
7825
7826
7827
7828
7830
7833
7835
7836
7837
7837
7837
7839
7839
7843
7843
7844
7844
7845
7847
7847
7847
7849
7851
7851
7852
7854
7855
7856
7857
7858
7859
7863
7863
7864
7864
7867
7868
7868
7870
7871
7873
7874
7874
7874
7874
7875
7875
7875
7876
7878
7878
7879
7879
7879
7880
7881
7881
7881
7884
7885
7885
7885
7888
7889
7890
7891
7892
7892
7893
7893
7893
7894
7895
7895
7895
7896
7898
7898
7899
7900
7900
7901
7901
7901
7902
7904
7904
7906
7907
7907
7908
7909
7910
7911
7912
7914
7914
7915
7915
7915
7916
7917
7917
7918
7920
7920
7921
7923
7923
7924
7924
7924
7925
7925
7927
7927
7930
7931
7934
7934
7937
7937
7938
7939
7939
7939
7943
7944
7945
7945
7945
7946
7948
7951
7951
7954
7955
7955
7958
7958
7960
7961
7961
7961
7963
7965
7965
7966
7969
7969
7969
7970
7972
7972
7972
7973
7974
7974
7975
7975
7976
7977
7978
7978
7979
7983
7984
7984
7984
7984
7989
7991
7992
7993
7993
7994
7994
7996
8000
8000
8001
8004
8004
8008
8008
8009
8010
8012
8014
8014
8015
8017
8018
8021
8022
8023
8023
8024
8025
8026
8026
8027
8027
8027
8028
8028
8028
8029
8030
8030
8032
8033
8035
8035
8035
8036
8038
8040
8041
8041
8044
8045
8045
8046
8047
8047
8048
8050
8051
8052
8053
8058
8059
8061
8062
8062
8063
8063
8070
8070
8071
8071
8073
8073
8076
8078
8078
8079
8080
8082
8083
8083
8085
8086
8086
8086
8087
8088
8089
8089
8090
8092
8092
8092
8093
8093
8094
8097
8097
8098
8098
8100
8105
8107
8107
8109
8111
8111
8112
8113
8115
8115
8115
8118
8118
8118
8120
8120
8120
8122
8122
8125
8125
8125
8126
8127
8127
8129
8131
8132
8132
8132
8136
8136
8136
8137
8139
8142
8143
8144
8144
8144
8147
8147
8147
8148
8148
8149
8150
8151
8151
8153
8153
8156
8157
8157
8158
8158
8158
8160
8161
8161
8161
8163
8164
8165
8166
8166
8167
8169
8170
8170
8171
8173
8175
8176
8176
8177
8177
8179
8180
8182
8182
8183
8184
8184
8184
8186
8186
8186
8188
8188
8188
8190
8193
8194
8194
8196
8198
8200
8200
8200
8201
8205
8205
8206
8209
8210
8210
8210
8211
8211
8212
8212
8213
8213
8214
8214
8215
8215
8216
8217
8217
8218
8218
8220
8220
8220
8220
8222
8222
8223
8223
8224
8225
8226
8228
8231
8233
8233
8233
8233
8234
8234
8235
8237
8237
8238
8239
8239
8241
8242
8242
8243
8243
8243
8244
8244
8245
8245
8246
8246
8247
8249
8250
8250
8251
8252
8254
8255
8256
8256
8256
8258
8262
8263
8263
8263
8263
8263
8263
8264
8264
8265
8266
8268
8268
8268
8269
8270
8271
8272
8273
8273
8273
8274
8275
8277
8278
8278
8279
8279
8281
8281
8282
8285
8287
8287
8288
8288
8289
8289
8289
8292
8293
8297
8299
8300
8300
8300
8300
8301
8301
8305
8305
8306
8307
8310
8310
8311
8311
8312
8314
8316
8317
8317
8318
8320
8320
8322
8322
8324
8325
8326
8327
8327
8329
8332
8332
8333
8335
8336
8338
8341
8341
8343
8344
8346
8346
8347
8347
8348
8348
8350
8350
8353
8354
8355
8357
8358
8358
8360
8361
8362
8362
8366
8367
8369
8369
8370
8370
8372
8374
8374
8377
8377
8378
8378
8379
8381
8382
8383
8384
8384
8386
8388
8390
8390
8390
8391
8392
8392
8395
8395
8397
8397
8398
8398
8398
8400
8401
8401
8402
8402
8403
8405
8405
8407
8408
8408
8409
8411
8411
8411
8411
8411
8412
8413
8415
8418
8419
8420
8420
8420
8421
8425
8428
8428
8429
8429
8429
8430
8432
8433
8434
8434
8434
8434
8435
8437
8437
8438
8438
8439
8441
8441
8442
8443
8443
8445
8446
8446
8448
8449
8449
8451
8452
8453
8453
8454
8455
8457
8458
8459
8460
8461
8461
8462
8463
8464
8465
8466
8466
8466
8467
8469
8470
8473
8474
8474
8476
8477
8477
8477
8478
8479
8480
8481
8481
8483
8483
8483
8484
8485
8486
8486
8486
8488
8489
8489
8489
8493
8493
8495
8495
8497
8498
8500
8501
8501
8502
8503
8503
8504
8511
8512
8512
8512
8512
8514
8517
8517
8519
8521
8523
8523
8523
8524
8525
8525
8526
8526
8527
8527
8530
8531
8531
8531
8532
8532
8533
8533
8533
8535
8536
8536
8536
8538
8539
8539
8539
8540
8540
8541
8542
8542
8543
8543
8545
8547
8547
8549
8549
8550
8551
8551
8552
8553
8554
8555
8556
8559
8561
8564
8564
8564
8565
8565
8565
8566
8566
8567
8567
8569
8571
8572
8574
8576
8576
8577
8578
8579
8581
8582
8585
8586
8586
8589
8590
8591
8592
8593
8593
8595
8596
8597
8597
8598
8598
8600
8601
8602
8604
8606
8608
8609
8609
8610
8610
8611
8611
8611
8613
8614
8615
8615
8616
8617
8618
8618
8619
8620
8625
8625
8626
8627
8628
8629
8630
8633
8633
8634
8634
8634
8634
8634
8635
8635
8637
8639
8641
8641
8642
8643
8644
8644
8644
8644
8644
8647
8648
8649
8651
8653
8653
8655
8656
8660
8660
8660
8661
8661
8663
8663
8663
8666
8666
8669
8670
8670
8671
8672
8673
8675
8675
8675
8676
8676
8676
8677
8678
8679
8680
8680
8682
8682
8683
8684
8684
8688
8688
8689
8690
8690
8690
8691
8692
8693
8694
8695
8695
8696
8698
8698
8698
8700
8700
8702
8702
8704
8705
8706
8706
8707
8707
8707
8708
8708
8708
8710
8710
8710
8711
8712
8712
8713
8715
8715
8716
8716
8719
8719
8719
8720
8720
8722
8725
8725
8726
8726
8728
8728
8728
8729
8729
8729
8729
8731
8732
8733
8734
8735
8738
8738
8740
8740
8741
8741
8741
8743
8744
8745
8747
8747
8748
8749
8749
8750
8751
8751
8754
8754
8756
8760
8761
8762
8762
8762
8764
8765
8767
8767
8768
8768
8770
8773
8773
8774
8776
8777
8778
8779
8781
8784
8785
8787
8788
8788
8789
8792
8793
8793
8794
8794
8795
8796
8796
8797
8797
8802
8802
8804
8804
8806
8806
8807
8808
8808
8810
8810
8810
8811
8812
8812
8813
8813
8814
8815
8815
8816
8818
8818
8818
8820
8822
8822
8823
8823
8823
8823
8823
8826
8827
8827
8827
8828
8830
8832
8832
8833
8833
8834
8837
8837
8838
8840
8840
8841
8841
8841
8843
8844
8844
8844
8844
8846
8846
8848
8849
8850
8850
8850
8852
8852
8853
8854
8855
8856
8859
8860
8860
8860
8861
8861
8861
8866
8866
8867
8869
8869
8870
8870
8870
8873
8873
8873
8873
8874
8875
8876
8877
8879
8880
8881
8881
8881
8882
8883
8884
8884
8884
8886
8888
8892
8892
8892
8894
8895
8896
8896
8900
8900
8902
8903
8903
8905
8906
8907
8908
8908
8910
8910
8911
8912
8913
8914
8914
8915
8917
8917
8917
8918
8918
8918
8920
8924
8925
8926
8928
8928
8928
8929
8929
8930
8930
8934
8934
8936
8937
8938
8938
8939
8940
8940
8941
8941
8941
8942
8943
8943
8944
8946
8947
8948
8948
8949
8949
8950
8951
8952
8952
8957
8959
8959
8960
8960
8961
8963
8965
8965
8966
8968
8968
8969
8970
8970
8973
8974
8974
8975
8975
8979
8981
8982
8982
8982
8982
8982
8983
8983
8984
8986
8988
8989
8990
8990
8990
8992
8992
8993
8994
8994
8994
8995
8995
8996
8998
8999
9001
9001
9002
9003
9003
9003
9005
9008
9010
9011
9013
9014
9014
9018
9018
9021
9023
9024
9028
9028
9029
9029
9029
9031
9032
9032
9032
9033
9034
9034
9036
9036
9039
9040
9041
9041
9041
9042
9042
9046
9047
9049
9051
9051
9051
9053
9053
9053
9057
9059
9059
9061
9065
9065
9066
9069
9073
9073
9074
9079
9080
9080
9080
9081
9081
9083
9083
9085
9086
9090
9090
9091
9092
9092
9093
9094
9094
9097
9097
9098
9098
9099
9100
9100
9101
9101
9102
9103
9105
9105
9106
9107
9110
9110
9111
9113
9114
9115
9115
9116
9116
9120
9120
9120
9121
9122
9124
9125
9127
9131
9132
9132
9132
9132
9135
9135
9135
9136
9136
9137
9137
9139
9140
9140
9141
9142
9143
9145
9146
9147
9149
9151
9152
9153
9154
9154
9155
9156
9157
9158
9159
9161
9164
9165
9167
9167
9169
9170
9171
9172
9175
9176
9177
9179
9180
9181
9183
9183
9183
9184
9184
9189
9189
9190
9190
9191
9192
9193
9193
9194
9195
9196
9197
9197
9198
9198
9198
9201
9203
9203
9204
9204
9204
9207
9207
9210
9212
9214
9215
9215
9215
9216
9217
9217
9219
9219
9220
9221
9221
9222
9222
9224
9225
9225
9226
9227
9228
9229
9229
9230
9231
9234
9235
9236
9238
9239
9240
9240
9241
9242
9243
9243
9244
9246
9246
9248
9250
9252
9253
9254
9256
9256
9260
9261
9261
9261
9262
9263
9264
9265
9267
9267
9268
9268
9270
9270
9270
9271
9272
9273
9276
9277
9278
9278
9278
9280
9281
9281
9285
9285
9286
9286
9286
9287
9287
9289
9289
9290
9291
9293
9293
9294
9294
9296
9300
9300
9300
9303
9305
9306
9307
9307
9309
9313
9313
9313
9315
9318
9318
9318
9319
9320
9321
9322
9322
9323
9324
9325
9325
9326
9329
9331
9332
9332
9333
9335
9335
9335
9337
9337
9337
9337
9337
9337
9338
9341
9341
9341
9342
9342
9343
9343
9344
9345
9345
9348
9350
9352
9353
9356
9358
9358
9358
9359
9359
9359
9361
9363
9363
9363
9364
9364
9365
9367
9368
9369
9369
9369
9372
9372
9372
9375
9375
9375
9375
9376
9376
9377
9377
9381
9382
9383
9384
9384
9386
9387
9392
9392
9393
9393
9395
9395
9397
9400
9401
9401
9402
9403
9404
9404
9405
9406
9406
9407
9408
9409
9410
9411
9412
9415
9415
9417
9420
9420
9422
9424
9428
9429
9429
9430
9431
9432
9433
9435
9436
9437
9438
9438
9440
9441
9441
9441
9443
9444
9444
9445
9445
9446
9446
9448
9448
9448
9449
9450
9451
9451
9451
9452
9457
9457
9458
9458
9458
9459
9460
9460
9460
9461
9463
9463
9464
9464
9465
9465
9465
9465
9466
9466
9466
9468
9468
9469
9473
9473
9474
9474
9475
9477
9478
9478
9479
9479
9479
9480
9481
9482
9482
9484
9486
9488
9488
9489
9491
9491
9491
9492
9494
9496
9496
9497
9497
9499
9501
9501
9502
9503
9504
9505
9506
9506
9506
9507
9508
9514
9514
9515
9516
9517
9518
9518
9519
9520
9520
9526
9527
9528
9531
9531
9531
9534
9535
9536
9536
9537
9539
9540
9542
9542
9543
9543
9546
9547
9548
9548
9548
9548
9549
9549
9550
9550
9550
9551
9551
9551
9552
9553
9553
9554
9554
9556
9556
9557
9557
9558
9559
9559
9561
9561
9563
9563
9566
9567
9568
9568
9569
9570
9570
9571
9572
9574
9574
9575
9577
9578
9578
9579
9582
9582
9583
9584
9585
9585
9586
9587
9588
9590
9590
9591
9594
9594
9594
9597
9599
9599
9599
9602
9606
9606
9607
9607
9610
9612
9612
9612
9613
9614
9614
9618
9619
9619
9620
9622
9623
9624
9624
9626
9626
9627
9628
9630
9630
9632
9632
9632
9634
9635
9635
9638
9639
9639
9639
9640
9644
9645
9646
9647
9648
9649
9649
9649
9652
9652
9652
9653
9653
9653
9653
9655
9655
9658
9662
9662
9662
9662
9663
9663
9664
9666
9667
9668
9669
9670
9670
9672
9672
9672
9672
9673
9673
9675
9677
9678
9679
9679
9679
9680
9681
9681
9682
9683
9685
9687
9688
9689
9691
9693
9695
9695
9696
9697
9699
9700
9702
9702
9704
9704
9705
9705
9707
9708
9709
9710
9711
9711
9711
9712
9713
9715
9715
9716
9716
9719
9723
9724
9725
9726
9730
9731
9733
9733
9734
9735
9735
9736
9736
9737
9737
9737
9737
9738
9741
9741
9742
9742
9744
9745
9751
9752
9755
9757
9757
9762
9763
9763
9764
9764
9765
9765
9767
9776
9776
9778
9779
9780
9780
9781
9781
9781
9783
9785
9786
9786
9788
9788
9790
9791
9793
9795
9796
9797
9798
9800
9801
9802
9803
9804
9804
9805
9808
9810
9810
9810
9813
9814
9815
9816
9816
9817
9819
9819
9820
9820
9823
9825
9826
9826
9826
9828
9832
9834
9836
9839
9839
9839
9842
9842
9842
9843
9843
9844
9845
9845
9845
9846
9846
9848
9848
9848
9849
9850
9851
9851
9851
9853
9854
9854
9856
9857
9857
9857
9857
9858
9862
9863
9864
9868
9870
9871
9872
9875
9875
9875
9876
9876
9877
9879
9880
9882
9882
9883
9884
9885
9885
9886
9886
9888
9888
9889
9891
9893
9894
9896
9896
9897
9899
9899
9899
9901
9902
9902
9904
9904
9905
9905
9906
9907
9909
9909
9910
9913
9916
9918
9919
9921
9922
9923
9924
9925
9926
9927
9927
9928
9929
9929
9929
9930
9930
9932
9934
9936
9938
9938
9938
9940
9941
9941
9942
9946
9947
9948
9949
9950
9951
9952
9952
9953
9953
9953
9955
9955
9956
9958
9959
9959
9959
9961
9962
9964
9966
9970
9973
9978
9979
9979
9981
9982
9985
9985
9986
9986
9987
9987
9987
9988
9989
9991
9991
9993
9994
9994
9994
9996
9997
9997
9997
9998
9999
9999
9999
9999
9999
9999
