6020
64
658
4032
9681
7983
4274
2171
6773
8445
3421
5752
2522
3891
382
3656
7208
3408
5955
6176
8489
4596
9204
2730
251
9278
4562
1171
7511
6592
8235
3298
540
9401
2332
9196
8324
4456
514
4979
57
8518
2430
8772
7214
4018
6682
7245
5694
2496
8142
5552
5396
7126
5387
53
5628
6760
5286
661
2122
8582
5367
5773
7037
5585
9296
4962
2024
2781
8633
1889
4034
4906
8815
7520
7559
238
2460
822
2218
4242
5954
2837
5616
1713
2312
7617
2941
4878
7817
2748
1063
5416
1633
5970
7804
6366
9076
3197
9652
2441
6791
6088
7746
1861
4220
3524
6734
5955
6705
8960
7343
7104
2245
6206
1457
5592
4490
3256
617
4731
4984
5776
470
8286
9149
4933
8803
3003
7245
9918
2950
3813
8093
4269
9056
9094
8467
7249
2489
2482
4095
9066
7086
8683
2750
6585
7308
5667
1076
7595
7295
9308
3670
7427
275
2856
7079
7624
6111
6022
123
2875
1668
5632
9941
3358
7320
7804
4891
9378
1183
6787
1152
2601
1251
2547
3353
4103
7501
7886
4705
4140
9394
6850
606
6163
2387
501
13
9308
5785
5643
495
6274
8529
2028
5174
3319
245
1804
4709
2913
3431
7243
9669
3906
9770
4783
4453
4212
4908
6617
7231
4730
3735
8101
3892
9675
339
3157
4545
3079
8996
1786
786
6655
3270
2585
6851
2093
9326
825
1675
2086
59
4908
9246
9001
520
6885
7919
4796
67
6907
1128
215
766
3492
2070
1596
4362
2060
7425
9845
4301
7669
6155
2742
8070
3569
1676
7688
4753
4171
9446
9439
4409
5903
3912
386
4618
6840
8555
9787
1050
7757
4616
732
2345
3709
7851
2038
3230
2668
1379
1049
9871
6170
7646
5912
2075
4252
3381
8165
2032
9711
2402
8701
3379
5726
9969
1813
4789
8068
9727
8509
7528
6184
5065
6395
5370
1279
8886
6401
6787
8226
3591
3843
4454
6084
5761
3089
7300
9148
3172
8272
9669
5322
241
6336
3225
2496
6334
3823
4884
2385
6104
3622
3486
9140
8259
7152
5214
1790
6867
9598
8917
7440
2873
68
2013
6402
9412
4421
4138
112
2229
803
5418
6729
7052
2556
9350
8978
8240
1333
2458
2408
9540
4281
6225
966
8026
4051
9252
8797
8404
9607
2781
4955
8973
5045
2946
5757
7879
5525
7228
6420
2333
6187
8308
8310
6824
503
358
946
6552
5147
8840
576
4163
4747
8767
8694
5415
8608
2292
4190
7921
5885
3324
8600
2175
5408
7411
950
4486
5029
7203
3140
2231
1562
6102
5055
1831
3322
2914
4820
9932
3444
2767
2921
4603
6614
122
3408
6130
2069
9423
7419
236
9763
7882
9451
3434
5746
2632
2731
5369
360
6531
6976
7371
5911
3766
9055
9562
4642
6138
6911
8440
6099
997
2059
8685
162
4209
2090
7527
9024
6096
7100
8810
1286
5070
7572
67
6876
2809
2255
1036
1477
3820
7233
4365
6332
35
826
1509
6447
3131
8258
6757
571
4576
3346
5914
1991
2977
6042
5953
2515
6633
9887
3713
8535
6503
1652
1475
840
1945
4783
8271
7026
1720
9517
8252
6137
9170
1488
2011
7699
2023
1072
484
8533
1592
4492
928
195
7102
6130
3131
2474
4700
2736
4730
9735
7894
4327
5664
9115
1424
2477
6928
9020
126
2970
4496
1424
1884
1364
5865
6676
1507
9198
9417
4576
9233
5690
4846
3155
3538
1422
4988
5082
5401
1424
9943
5746
7155
8732
4736
2799
4679
775
2880
946
8223
4473
4344
6875
6204
5195
3331
7233
1719
181
7560
1988
2852
4772
8465
6955
5892
6243
4276
3383
2984
9295
7383
4767
1359
8149
8567
2847
4530
9101
7945
723
2915
574
679
6872
8518
4341
5990
8772
1180
1341
1190
7427
6478
5549
3303
7996
6923
4293
1956
3549
7576
4361
5303
3262
5459
4219
9046
6518
8112
2009
8075
8174
6598
2709
9329
2675
8802
8190
3731
7477
91
5882
4167
5862
2942
2188
301
1569
1764
2250
1808
1334
5902
1350
780
3828
2474
9838
8774
9640
2390
9387
9576
5190
6059
8557
5112
4902
770
473
2025
8668
2364
6177
3959
1215
1769
1517
7962
1459
2190
5701
2798
508
9488
6878
3778
5565
2818
8536
2459
8250
5165
7112
3603
9392
4409
4611
1740
7351
7219
4276
7162
4087
8745
8650
5416
4114
5100
3524
8666
7591
7441
5061
4668
7806
8955
8498
2709
8278
7192
3774
6454
784
9784
6763
7606
2582
6776
2217
8559
7179
6127
5054
8670
6059
3918
9522
7339
6444
4556
4968
720
8383
6594
4376
199
3536
3136
4755
4927
3358
5466
8407
7830
6494
6980
7858
9292
7429
3224
9581
7488
3259
1942
7673
1223
5077
3638
2149
8963
3482
9790
3340
8606
5367
7991
4818
2291
7605
1170
9143
1337
1667
6506
7236
9488
7581
9833
3413
6465
1046
9673
6740
5188
6160
8120
6692
3214
2101
1661
4716
8660
4432
9573
3933
7392
9876
2370
4790
5623
7051
6212
8231
2261
9673
2363
7115
580
3302
627
1676
7287
8372
8124
9082
2276
1551
1205
9602
5904
4277
8288
4784
2048
8964
5639
3026
3732
3071
8822
2057
4705
5314
9009
9436
4814
9443
5052
97
1947
4693
313
118
1679
1941
148
1247
2523
9465
1390
2804
7082
4374
3389
1523
7063
3221
3240
3160
5787
8527
2855
6168
7537
7687
2003
2470
9905
9521
3441
4694
4720
5959
9301
1423
5221
3552
7074
3756
674
2245
4120
5788
608
9891
4264
117
1046
4423
5542
3959
5002
6599
2032
6635
7802
2763
5407
4674
2895
4359
6414
188
4509
7554
1429
141
1101
734
6051
1093
2333
7270
278
7556
8326
3291
9003
1715
6931
7602
5234
2454
8366
7149
2146
2925
4750
5865
707
8376
2287
8374
5124
59
5578
4338
6079
276
4492
8282
2799
4092
5645
5778
4228
8577
8936
5580
4682
286
2467
2524
7886
5774
4118
8242
451
6020
3721
3684
9725
7455
4178
3801
7784
8527
6892
8590
4513
1443
1314
6173
801
9542
1372
9052
3110
4990
7137
3099
7386
7684
1196
5317
5690
9114
6355
3203
8858
6550
5421
7783
8031
9601
7905
8933
5706
7743
2949
4946
9652
7544
6316
963
5040
8345
8426
4945
9752
8909
1254
6650
2319
2963
137
876
3957
1890
3090
9456
28
8672
4257
2981
9152
4616
7442
7566
6053
3897
4324
5430
4254
7683
2824
1984
6919
9289
4644
7028
6326
4080
5953
1169
8906
8311
7648
2048
4902
738
6365
5170
4987
3168
5938
6701
7312
5238
3490
7750
5327
2408
7770
9076
7286
4349
1874
7863
6388
8737
2506
9327
6869
8713
7606
9834
4407
317
650
9599
5199
4899
3166
6656
1000
1549
6783
2177
6291
5098
752
9661
4835
5696
757
4240
3441
5411
3010
3663
3096
4909
2187
6852
6887
9992
3675
4537
8844
8363
6199
7899
3973
4769
2125
6183
3618
6212
5975
4144
6237
4445
143
2780
5301
9531
2907
6062
6610
8649
733
6183
6907
3836
7461
6443
3908
2600
564
2366
9452
1508
4007
5093
911
7066
450
4774
9485
2693
3190
546
6098
7173
4089
3195
9778
9308
876
815
5478
8510
4763
2549
1113
9918
6288
268
6694
1010
7077
6311
1766
4085
7564
3189
3726
8933
5064
5933
4914
6867
8156
6719
9251
8858
1448
8704
2560
712
5870
3800
5684
1714
4379
131
7599
2385
3732
133
165
5793
521
2546
4402
9784
1947
6303
9972
9162
6123
9098
6280
5853
276
6611
9510
9189
835
9799
3214
2914
4618
1544
6752
8269
5487
246
1612
2116
5902
3429
5792
1090
1065
7183
8901
9713
3405
6221
320
5252
8922
8767
8794
5443
2325
205
1906
5416
917
2115
1359
399
7221
6468
7678
7095
4931
1106
4235
2800
5661
912
7731
3447
3502
1190
2755
3678
8294
6621
6160
8594
8678
2790
1330
7546
4729
2155
9599
9168
7521
7412
3416
4152
7878
4783
2033
3370
197
5060
9720
9844
3072
345
9661
2326
5114
3702
5905
7025
6883
7777
778
2340
2704
6385
4875
4697
9162
6644
9311
6898
7212
1299
3250
3568
3581
7420
3308
9987
4203
6152
28
6213
5478
8828
1604
6209
1497
1410
4110
6475
7076
7277
6994
6371
3857
3183
9138
7710
637
7670
732
4762
8188
3142
8466
4051
8327
4699
5537
4414
7637
4060
7372
6032
1301
6738
4797
5130
83
5832
8941
9985
9344
4941
6227
7553
3992
8309
5432
2002
7335
9740
769
798
809
3792
88
84
3663
864
4723
158
2136
7852
6584
5682
3974
2510
3378
1401
9472
9265
7811
8710
1000
1610
1939
1843
4505
3255
9796
5472
515
8746
4439
6802
188
761
1558
2906
1652
273
7630
3124
2594
8715
1301
7341
6438
6368
6791
9911
7024
1268
2723
6157
8002
6374
3982
4827
8453
8538
3478
8206
1075
2739
7938
1728
2093
1706
7962
3163
2575
2377
1900
507
9817
9904
3128
1097
8430
6486
4238
383
2258
2754
8540
9
7195
9758
6781
971
3963
8720
9920
5846
3604
3891
448
6886
5654
4370
7229
1831
1334
7841
3011
7153
8055
2497
4068
5831
3754
4100
8287
2785
2697
1694
6823
5819
4990
5354
7389
6031
1856
5730
9676
4258
2857
7771
8680
4751
9887
577
2572
7692
1809
5048
5735
2378
7119
4134
903
7603
4088
1031
1028
1606
6593
6420
6007
3955
2813
8468
7882
8689
7731
8709
9731
4713
2442
635
5424
3808
9682
1426
9045
1008
6186
1403
9779
7417
8310
975
4937
9972
6954
929
3110
5388
8095
3145
7159
2581
7923
5836
9217
8012
5616
651
7540
4028
9115
2957
7088
5420
2440
228
789
6320
2245
8700
5742
162
9676
9458
8437
3389
4960
3431
3190
8770
887
3225
823
5473
8396
8156
5761
7462
7136
8902
7948
6306
7704
2055
1637
6174
3102
9284
3456
7289
9338
9112
5765
3701
5074
1797
105
2866
795
8350
6582
4045
6338
6732
3101
3289
7659
7870
3872
9495
2771
1386
68
6974
47
7785
7049
2312
402
1251
2072
654
3859
490
5007
5813
2567
7602
8828
479
5582
7549
5391
1495
3315
7857
2330
3829
1103
8760
4883
6195
4952
7752
2818
4236
9814
503
4400
5384
6185
6932
6683
7981
6061
5957
6291
3852
6624
2412
4374
5630
5640
7336
455
873
3566
6118
8665
1021
6990
8122
3157
7836
9574
2592
4140
1756
9272
4174
1481
7349
1268
8238
5573
9213
9519
6499
5512
3739
8079
7596
3711
4894
6285
6966
2662
9523
6610
3066
3175
5547
3615
6018
3291
7490
1952
7242
3566
9260
5079
4924
5200
620
3800
4408
2545
7655
7210
3139
1295
9102
7881
5580
5335
9061
4532
3496
9266
6901
6037
5871
6744
4196
1848
6082
6626
3044
676
9415
5863
2856
4946
1061
1434
6476
3656
5472
2341
3100
225
3135
1228
1868
190
9627
9746
6656
9413
2159
9564
2612
6377
2177
6344
9784
243
2850
1598
522
154
6735
3290
3191
6506
2210
9926
2110
7247
2160
5377
4812
3098
7864
2298
895
849
8406
2666
415
3794
2097
7649
3974
6571
6568
4262
2452
1301
1706
2372
6907
9414
696
2597
7073
3371
1506
4539
2348
2532
6203
1631
9987
4948
19
8462
2076
6787
2989
5476
2323
3296
4944
9290
5005
9332
7803
2622
8879
6622
8518
6579
3255
6488
853
6455
2704
7063
5309
8048
1093
6031
2341
3903
4228
2474
3517
2413
4900
6554
8121
1522
605
8806
7185
9054
9165
6605
1848
6111
786
9546
6082
5007
8313
1139
1018
5914
432
893
5984
3312
3708
2704
5462
5996
8494
5091
9569
3419
2051
6018
6481
3346
1033
838
1197
8371
9795
2418
8317
3160
4512
7689
2387
4625
8768
6842
4618
2580
8785
1789
114
7962
3361
9410
7873
6027
7580
5606
7590
431
728
8373
5583
1049
4932
2232
5812
688
133
4510
1652
5846
1978
9865
6708
7750
7912
617
2619
4430
5964
6734
5534
2813
4633
9582
5376
1552
3476
9857
3291
1759
6499
8229
1897
512
3085
1627
2413
3902
7861
7583
4689
9310
4300
764
5447
9288
6688
1021
8461
2936
1341
1341
3293
3793
8433
4210
4537
5581
252
9303
6878
4778
6223
1594
3944
143
3171
9511
4781
9868
822
1599
6394
3583
3114
1076
2108
2779
4232
2981
8229
1219
8256
4093
4766
6580
4190
7135
5610
4926
9091
5170
2148
6941
9811
4680
1542
5333
6273
7641
8145
124
9339
5933
413
2824
5075
638
8039
3943
7638
5488
7822
5031
1003
653
7877
9955
5982
9826
5575
3160
1166
5539
5130
7328
2153
8609
8756
3590
9000
2118
7248
1331
6038
6995
6249
9570
3542
8602
9476
8855
4380
1934
611
6927
6258
6928
1626
6661
4890
6278
9481
6919
3821
6673
3126
5834
1728
5030
9854
2638
8923
6153
9933
8528
198
6972
2805
140
5529
8205
1094
1711
1290
9639
2107
8516
3459
5936
5552
5579
3702
8916
6660
9992
1962
2515
3783
1310
3619
289
1612
202
6130
9096
1841
9120
5852
2346
858
6038
7436
5402
2188
4052
7279
4642
9855
4821
9628
5527
1694
5083
2069
3111
4673
243
648
8934
7242
4177
2373
4182
9631
8914
8602
4641
9280
6808
9747
7216
7394
1288
7114
5264
6219
997
8945
8817
341
5709
8385
6218
4623
9861
8205
6865
7617
4821
6045
4073
401
5908
3442
7777
8948
9740
613
3200
2142
3614
6716
4310
7820
6821
2552
655
1389
1511
5674
9664
1626
6773
3420
4079
7162
6764
7362
7025
2741
6625
4445
9747
5825
6651
1884
1633
8109
4702
1201
4482
9721
9755
9085
9719
7922
231
9058
259
2489
2534
3959
5042
4079
955
6143
6380
6257
3613
5262
8012
6604
141
132
4722
9123
6550
8555
8335
4901
5524
8839
4799
8178
8954
9325
3234
2127
4742
1993
9390
4298
7706
4895
546
2085
3854
8881
198
3513
196
7804
2897
8534
7435
1882
117
383
6296
1486
5948
5556
8420
7264
334
1407
2676
6735
3984
5191
4547
3232
720
4156
2550
8280
6083
3848
4533
1172
3732
5331
5905
1487
9077
9964
8292
2504
343
975
293
3663
17
9825
5303
2732
5142
3029
7698
1030
8517
6511
442
595
7224
6594
2159
2499
6112
3758
3107
2100
6958
9276
4303
1681
3145
3652
3663
2254
2520
1764
2212
3912
5410
2150
2209
2950
9358
9722
4152
4721
1026
2608
1820
5194
9790
8222
9017
7334
4889
6522
7560
9482
4439
7463
7994
9036
8261
3022
6914
7442
1917
1938
5827
2098
6207
8174
6239
8524
4725
8768
3782
4486
4409
3252
2647
6978
2868
8336
4911
9402
2211
9675
5767
2430
1123
3503
6761
1579
2810
8741
6831
5520
6943
2406
9762
6849
4353
5784
2877
6069
1399
667
9173
820
9324
7909
3280
3529
1041
8205
5613
3683
1531
8882
9339
6004
4049
6984
759
6007
2634
1232
2652
5344
2275
9309
5987
3436
1098
9903
3407
5917
5761
7545
3217
352
9831
9502
8864
8061
3145
2403
2279
5569
9116
6353
1661
7176
6471
5242
6391
3119
5566
9334
3438
7095
1510
1030
5904
9408
8283
6561
1127
9414
4246
2919
1111
9603
2270
4246
4147
2763
4709
4080
7176
1626
9760
7874
7744
9703
4204
6846
9408
4008
1694
1763
570
8452
9039
2143
6451
3566
267
5975
9239
1319
1339
7807
3107
6165
6556
7789
6948
1910
4710
693
1961
3516
1969
9229
6130
1897
4402
7623
2769
384
6423
5771
9823
1424
888
9853
185
4776
4670
1728
2794
7600
6185
8187
378
7067
8061
9528
8568
3990
2804
6834
6042
4307
7086
3376
3179
1723
1301
7385
140
9344
6620
5446
1824
3350
3743
6813
3225
5184
612
5304
2311
9368
7105
3001
1037
7231
9816
8464
252
4112
8785
5442
7491
1116
9995
8025
4147
3214
9642
8631
2584
183
1700
9314
1072
6480
8219
4325
7186
3801
9931
1462
5693
8011
2063
2481
7203
8786
2126
5145
3921
165
9298
2368
3542
4868
4775
1901
1336
6541
7159
188
5630
9306
3555
9144
1194
640
3977
6676
6878
2887
9636
4720
1245
6977
7542
7524
5389
9961
2524
6750
8977
7179
3160
3059
970
6916
7230
7716
2772
3071
5303
9654
4782
3527
7765
5469
9838
7633
651
6375
7244
2115
3108
6179
66
4766
8702
9907
6335
7430
6795
4007
9701
7522
1784
4181
297
9093
2396
5923
6872
4074
1635
2892
9321
8307
2058
5325
5050
8742
1725
1581
2402
1805
9343
9870
1125
4054
7361
7279
1855
5645
3007
3901
7133
2464
6135
7300
398
1133
431
5187
7646
9175
8874
4959
5059
4358
3389
3541
6041
3450
5216
198
2844
1342
2058
7864
9385
959
4428
8415
9020
3291
3436
7396
3128
1661
7202
5976
3759
515
700
6786
6956
40
4590
7017
125
6044
3929
5226
1763
2277
4716
3573
2654
328
2064
2811
2937
8338
3326
6426
9795
5652
5268
1871
7833
3510
1407
6497
6369
5430
8441
7329
6747
9540
163
1026
1288
2884
855
7579
3311
5083
2495
9453
3295
3339
7923
3417
3684
8166
2614
6463
3248
9419
9759
138
3568
5002
7452
9881
4042
689
9611
5894
486
429
8788
8806
5403
1269
2452
9216
8367
3480
8715
5620
7421
2174
9888
6858
4449
3756
3267
812
9542
8085
4351
3680
8961
7690
708
8594
8102
5215
6731
3737
7163
1054
168
7328
5635
2448
9604
7241
1061
6043
9620
5937
2424
617
3693
2029
9058
3150
3573
4300
188
7699
5904
1397
5256
5253
1173
4024
7511
1926
2410
8919
4004
6340
3162
4681
5393
4402
7265
2337
3860
5056
6504
2853
6082
5678
7625
8650
6765
7619
275
2348
7969
9029
7387
467
5021
9837
3158
7589
5100
2863
5956
8760
1731
3233
5633
2786
2872
9981
4480
596
3815
4969
6315
227
3538
291
9461
4065
714
4481
5232
3011
5231
3188
2534
7987
3534
8402
1716
2620
8655
2028
4505
4618
2216
3985
8082
2370
6978
8426
1231
705
1904
7131
6214
7335
7454
2977
3519
5370
8092
1363
4097
1148
8163
7900
1339
7888
3083
1513
7113
1450
1885
1313
3049
248
8179
1828
6051
5751
5943
3662
153
6286
3562
5173
3936
61
8412
3210
5461
9237
2751
6871
4741
1842
9960
9902
7716
5455
1012
5311
8142
1176
795
2052
9998
7744
9445
5563
7328
7658
6817
7549
4002
4678
739
894
4261
5344
82
8501
6170
7591
2664
9037
8209
7527
2627
9491
7996
7131
2262
7514
6635
8832
2034
9665
7983
9220
3401
5959
590
4926
3986
6250
5407
5039
5129
5552
2302
7045
7789
3443
1269
6780
4095
2258
7841
9620
6076
199
9481
5842
6179
3418
823
9455
331
2343
9667
2326
6194
6899
8327
6314
9573
2048
1783
5551
7689
4757
7639
2428
2373
4214
1298
8883
6880
8331
5160
188
5317
9036
9857
522
5710
2263
4639
5145
5796
9149
6154
4160
8129
424
9057
1213
5528
1447
9951
1538
6158
2502
6368
3212
7997
3959
8047
7072
9072
4422
4940
9700
6570
1854
5073
2733
7707
2535
4800
131
7167
7925
5147
2202
7714
1770
1239
4789
2343
8227
3262
8430
9364
5629
9733
3571
7853
3635
2613
1534
4279
3528
1277
3750
2481
1372
5415
164
7211
5528
1734
6375
8075
1604
6446
4635
1997
8877
123
3604
8376
1694
6323
8309
114
6367
7010
6375
2238
3230
129
1530
2037
6624
9688
2178
1522
5065
7463
8224
4921
4180
3025
1464
6081
8492
7712
9841
3457
2917
4739
6603
2661
1975
5412
1301
624
1117
4983
2708
4007
7871
2538
1690
7208
4148
710
9824
2318
3632
4235
4339
2890
1179
6492
692
6843
5725
8640
2136
3193
98
2562
9733
2529
576
655
7880
4956
1487
73
8553
6415
3291
4881
5016
2922
1250
2177
2795
5823
8240
3810
2431
236
8165
5253
3588
1606
1420
9576
6089
6428
3501
7981
174
6319
7922
8137
1863
315
1080
8654
9501
5155
9356
2793
7456
1519
5035
9851
81
6096
8364
3545
8519
9677
2627
5590
8826
7168
5265
5947
2411
126
1954
7947
7301
7179
4066
2208
6379
3775
4515
8442
2115
8046
2384
340
2860
3730
7165
395
8030
509
7881
3275
6002
1497
2717
8903
9889
8099
2552
2391
8187
9758
493
8755
4910
9330
7460
4531
4222
7868
7464
1219
3828
3668
6586
9075
3750
1682
1039
3760
6520
4374
5434
3602
9393
9895
3445
6451
4379
3582
3984
40
252
287
5805
1098
9598
4934
2650
181
3320
4766
508
5060
7919
9216
2223
2186
4560
1713
8570
8955
9542
4442
8317
7344
1989
8875
277
9260
2497
681
3169
912
3991
5776
2162
3074
2493
1273
280
1560
6518
5077
7157
1574
4929
2059
1810
8763
2268
9945
3141
2947
5345
8394
4855
8735
9830
8930
7274
8168
4991
3317
8306
4374
3129
56
8668
5144
7213
2769
1777
3531
3904
8979
5707
535
8074
1529
4604
9008
4756
8740
4221
3444
3722
3775
7644
525
1247
3259
8410
2194
9708
9754
5232
5462
7106
9697
5427
5702
4268
145
7922
7451
496
1398
8930
2716
6183
1819
2319
6894
9218
1166
3430
9007
6440
2353
3722
8259
7376
2196
6070
3368
5523
7882
3068
8438
8351
2265
4168
2769
2766
8107
7935
5914
8014
4254
2331
609
630
5106
4703
6916
895
4763
1251
1514
6420
5503
9827
1460
8262
3426
4821
3572
5941
7487
9147
6387
8732
9489
6226
543
149
1244
8197
3166
9412
7020
8673
5759
2384
7881
1588
3073
6084
162
940
3788
8530
9255
3510
8809
5257
5173
5540
4664
7936
259
6543
6607
9071
5204
8651
7317
3406
8429
8321
1042
3817
7428
7398
9820
9955
7497
3228
7163
3912
1648
3093
7516
2221
6129
4593
9160
506
987
5878
3276
1030
3120
2963
2556
6757
9276
3987
366
1550
8063
9527
1079
8408
8968
9223
7977
8470
6672
1857
7741
9720
4677
8993
9477
3700
8213
8301
7629
7489
6424
1021
7818
519
1438
3821
8431
2241
987
4518
4828
1589
7624
9281
4743
5458
2734
5148
7672
8057
6630
1020
1555
4603
7428
935
152
1533
6523
835
2258
2390
1013
5593
8574
7798
8657
4595
3453
8892
2652
2786
4827
7917
386
9321
1995
8962
2871
2710
6029
6021
9778
816
8798
3916
3529
8169
142
8599
3694
7113
3611
8018
6842
3712
7409
3803
566
4202
1962
658
9012
2384
3843
6787
4303
445
8459
5866
5878
1404
3084
8336
7858
8317
6118
5096
2513
5591
1052
6986
6119
3621
7094
4910
8270
6519
5253
4239
225
4983
1628
5731
544
8700
5733
5202
2295
7527
7783
9541
1934
1684
3215
9095
1209
229
244
3951
5106
1774
4193
252
3096
1845
1875
7122
9775
2591
5019
5333
6449
7455
2737
3293
9868
8357
2413
1802
4704
5540
2089
5757
6897
8871
5532
5607
3519
1733
466
9681
3655
1837
1642
3920
1732
5231
4610
1978
8643
1603
2289
5042
6124
1103
7161
9416
7412
4924
7939
5264
3148
9467
9692
4020
6345
8583
3489
8861
9764
242
5917
527
9976
2256
1971
2802
5207
397
2443
3498
1583
4603
8287
6374
6904
6253
6316
9716
9589
2251
9770
2101
4963
8898
7769
8298
281
8622
6110
7486
3374
72
9093
7078
6770
2659
8839
8122
6216
9784
2893
1359
905
9049
607
4567
3741
5170
9324
1163
2561
8323
6989
1975
7967
6512
6517
2040
7786
9238
7926
4982
1267
9879
7856
1455
185
4816
3746
5702
5919
149
8263
4049
5713
5786
3060
9560
2135
5806
3314
3300
6435
7233
961
1336
4807
5484
5606
2574
8113
3018
4716
2034
4448
4754
4692
3642
625
705
6384
2882
3326
9820
8020
8626
4179
3371
8034
9156
8885
8444
3928
7551
9213
8514
7129
9324
7616
8124
2129
1387
8041
3635
7944
8936
2799
7901
2416
5289
4223
9354
4928
8080
8040
2383
7273
3596
886
2255
9557
4305
7464
5001
1137
1181
3850
7248
9816
9896
5362
1856
3496
5880
8331
1655
833
6263
2262
6424
3914
6414
7278
670
3414
5933
5081
6968
5820
1554
5767
9470
4110
7739
6659
4384
2097
2004
1872
461
7087
5153
8401
663
6012
9142
1137
4949
7307
8800
9392
8835
4153
3813
8709
4876
5370
6134
399
7628
9120
9700
3872
8947
8988
493
3329
5250
2979
9839
127
7455
8616
9632
4147
6480
3139
2726
1820
2995
7321
3500
8804
1928
1475
2377
1308
1030
2404
5206
7409
9318
5081
8533
4138
4477
1078
4937
3177
8499
3666
3457
927
1177
8367
2135
951
792
2095
4849
2742
6362
8224
9683
7476
4627
9582
7541
4658
9061
9601
9878
29
8215
2770
507
7392
4568
510
8352
6143
835
8765
7941
5317
2444
2360
1107
3668
415
2745
1592
952
7934
7755
2177
376
1203
9878
2298
2629
9305
2719
7076
8819
8139
5364
1096
714
4201
1066
4037
7721
2297
3076
2295
9229
7865
3910
3376
4782
7669
9568
4035
4683
7219
4152
8794
3438
1461
7102
4752
4685
3465
5855
6581
8390
741
6610
353
3686
4795
3879
2436
3827
8542
3358
7455
3271
4299
4469
6456
3538
4736
2250
6299
76
4314
5752
6068
3698
6627
1138
7097
8596
9338
2504
7647
9993
2364
9419
525
9414
5765
6297
4562
7915
5505
2480
2977
9074
2244
8760
4698
7471
8727
9341
1102
8802
4298
9843
2431
448
7458
7868
945
6406
713
252
1463
4861
6249
5834
3155
1115
9597
1961
5947
5886
5644
5120
4120
8262
22
6599
599
1948
7269
3148
5150
4335
9191
4681
5460
7710
8050
8876
2998
9197
1015
2521
8629
4835
6102
8114
1680
1885
3773
221
9199
3180
6065
4765
4438
1647
9477
2682
7863
6843
8984
6165
3126
8597
8759
6522
250
9399
290
7020
1832
3031
9980
6618
3511
70
323
7520
2484
5863
1978
4165
3937
3399
1901
8085
6187
2056
3555
8301
8048
1742
809
6585
9918
9365
2557
6713
6594
8890
5584
2937
8682
3112
1493
3010
9413
7688
4425
483
5649
9922
3225
6925
5327
7529
4726
7447
4580
7966
8548
2123
4721
933
8121
6944
3538
5957
5050
3235
4129
9188
1987
6925
7257
7040
9168
1973
5894
3848
3551
3547
7312
410
5009
6581
3
4124
6746
1311
2013
7090
2410
6545
168
1099
3797
816
4197
4583
2491
7552
6795
3840
9097
172
5974
4200
7307
3060
2155
5174
3246
8365
9114
3084
6474
3580
1655
8564
5831
3827
5638
3870
5141
1538
1732
7798
8493
8914
4064
8336
6546
2812
2151
7359
6277
276
9722
6320
7494
2951
8892
4110
6587
9630
6052
8107
7695
4623
270
4298
3673
2339
4841
7496
5737
5663
5939
395
1434
2749
1602
9992
7578
5205
9956
3813
3890
3523
9879
1013
5309
1431
4644
1042
648
9905
6214
314
5865
124
6872
7900
9538
6661
5798
2254
2808
4556
165
1028
1928
2416
8680
6289
4178
3507
3002
9594
5767
5134
4355
4391
1621
4684
5854
9260
900
6373
5189
6115
4379
9212
2979
860
8713
6842
6441
2567
3327
1342
8930
5770
307
1954
8075
7105
6530
2344
878
8093
2048
5185
7976
9831
6635
1966
6179
3538
7553
243
274
3596
970
9332
248
4112
3395
4286
1679
8847
5060
6601
9315
846
8015
4600
9517
3519
4448
7833
7579
4319
6396
6735
6640
8407
4300
4339
4257
9448
9881
3333
5679
8175
8740
8123
2748
369
8266
2873
9012
1157
9214
5024
3099
7856
1870
4581
9293
3375
9806
6935
1542
7738
2586
4889
4906
1295
2113
8366
8060
6306
8765
7878
1719
3035
8849
2557
6828
9203
8517
5085
6501
8409
997
1603
7496
3572
5372
4583
4202
8369
8331
255
4189
6656
2244
8064
6343
684
8124
5540
7203
1351
382
1366
2386
9350
3486
1372
6204
4106
8881
7058
115
698
8819
1351
2637
6637
3126
7651
9017
2325
6354
7485
7822
1321
8844
3862
9399
2652
7016
909
259
1796
762
7240
7434
5475
7343
3745
1479
6021
4044
729
9692
6039
7680
150
8138
8273
9140
1616
5201
7826
4270
6301
939
3309
8123
9798
2873
650
6541
39
8437
7047
940
5906
2846
4341
8304
3863
9123
3044
2718
7554
3281
1879
9668
5443
7495
2555
9309
6361
458
5106
6534
6549
6558
4718
8917
735
2721
2014
2522
9915
4280
4033
5108
6346
5794
376
7698
4386
8554
6590
7271
8266
9006
9930
7061
2244
9987
9097
6202
7860
9543
6641
2611
6810
3814
9397
9416
1167
9990
8755
9982
838
8299
4856
8291
3271
2748
915
6103
9480
3935
1644
4437
522
3737
5792
5651
4803
4580
5323
1690
3408
2250
3497
7558
6261
6718
7652
5925
9457
3317
4560
7581
3266
7462
8579
9127
1742
483
3453
1814
6744
398
5564
8897
2581
9848
6631
7563
5176
3489
2717
313
6846
6302
2627
4135
497
944
6222
2290
2767
385
2882
2921
1490
7957
3743
2716
9975
7077
3204
6508
6614
8153
454
4294
3307
8726
993
2718
6886
8249
4751
9970
9172
2193
675
6129
5802
7268
591
4493
2836
2387
1257
6418
9583
6631
837
8019
6958
9481
7530
7753
6429
3621
1448
2365
1357
2931
2499
6044
2889
704
1455
4936
9126
3427
9230
8959
4233
3552
4715
3255
1392
6424
4619
791
6844
2477
9690
4826
2996
3218
5415
798
9369
5841
2788
4244
2783
356
4595
1834
7042
7560
4583
8791
7086
7687
1340
9420
309
7039
7842
8141
6486
8243
598
1199
6026
8437
3134
8414
6651
8096
8554
9358
4328
7832
7167
8317
985
718
264
8014
6728
5645
9427
755
1526
4438
3711
4276
5338
1016
2920
9660
5211
5014
8056
2583
6306
7934
3502
5887
9876
4472
4332
3537
9136
8414
7604
8652
6153
6706
6961
3887
553
4953
8297
4596
2522
9758
1689
4834
1794
5470
4745
8134
1080
5840
6532
8732
4361
139
1159
8108
5855
9247
1984
4140
8897
617
500
3150
1243
1633
4437
1465
9279
9734
7481
5624
2003
6051
499
8786
52
4191
8645
6881
9892
2817
6844
9060
5371
3697
2196
8563
3456
3949
9075
1469
8178
7399
5399
5940
6925
9143
8842
3434
7686
6885
63
6085
4200
4789
9255
7528
7270
6944
1545
2174
758
6666
7834
772
5870
725
8161
3076
3332
1524
6424
2096
466
4964
5434
5835
8325
3621
5498
1047
5395
7107
1198
7049
1273
5663
171
6492
7628
3347
906
8019
9331
3985
4288
7732
3348
9815
9691
4358
1186
5718
5976
5935
8824
782
9214
2179
5995
550
3187
4395
3371
9641
6074
8709
2291
7756
1592
7300
962
1814
304
5617
7745
9577
2071
997
5050
9830
7440
3752
32
769
9231
5977
9062
6053
7065
5688
2402
9152
4517
8443
5743
5095
4528
2426
6884
1859
2012
5589
2258
200
205
7139
4142
7246
695
6602
5681
7444
8996
7231
1713
6320
710
4147
1517
9715
2397
1435
2591
8672
1488
3522
3036
756
482
4337
3777
4247
6891
6906
2711
9941
2230
8874
3654
1479
5260
281
8985
9151
8916
2834
3233
7349
7779
1406
4767
5298
6906
9980
3019
6408
4457
8422
6547
5583
3287
2308
879
9008
5369
4120
1627
5052
2342
6091
1588
8104
7921
5188
7217
187
8424
260
2343
1459
7627
6065
9043
9332
5655
660
2477
5156
5308
2702
3072
7697
3334
9697
1849
243
1887
8144
1491
6194
7462
5178
4374
8439
8718
5547
6582
8978
5566
5017
542
1694
9004
4256
4743
6844
1743
6168
5362
5072
4515
9998
759
9951
133
3532
5734
1736
5094
3338
6462
1706
3162
6946
6963
1965
5937
9063
569
1631
1923
3205
6409
8303
4271
1205
2712
6247
5606
5578
1272
6513
7665
2143
9560
9584
7811
2097
9975
2842
5350
4643
9351
1608
5282
5100
9005
7675
1089
9494
3988
406
2886
8180
584
7605
1477
1566
4383
2404
1824
6626
9042
1478
6962
7448
5415
5967
4111
9595
7000
4489
3173
7817
6211
8561
9480
8541
2223
5038
4492
3753
8585
6418
7154
3126
1018
5058
4656
4731
7369
6989
4207
9529
7112
7108
4264
8718
9013
5583
2626
8647
8924
835
4692
8233
5724
2326
7345
9856
7632
3123
4401
7077
2523
1076
6112
1826
448
175
985
8128
5132
9623
3667
1664
6230
4114
3854
6508
450
358
3775
9835
6354
2614
5473
685
1470
7482
3044
5533
4985
3512
7809
2728
8263
8567
3448
88
973
7225
8245
2394
3124
4212
5435
1163
4256
7762
419
4190
1566
6900
4289
1199
6873
6719
8672
6187
7404
5740
3940
3961
5786
875
3725
8684
3822
3428
3639
7468
847
9880
1812
286
4838
8721
4304
5563
2807
9052
9921
4604
1583
8073
1751
9011
3450
3225
495
1864
3614
941
7501
9898
3213
495
9704
2597
2928
1241
2767
4888
3638
6380
5612
7983
4825
8005
1330
6215
2303
7941
6755
8517
925
9652
6065
1101
5137
7566
5294
481
6817
8131
96
4067
1436
9213
8768
5
1718
7569
3452
3127
9602
8135
7865
2795
6372
1140
9615
5129
4639
1504
66
8334
1502
2486
9157
437
4513
3906
576
423
3276
8508
8400
7120
6587
9148
7993
308
8008
7954
3193
308
2074
3552
5036
6399
7731
8145
9975
6512
3745
6735
6917
5197
1515
2900
8933
7015
6411
3077
6385
59
3300
8428
548
5578
4985
1672
7993
9160
9756
7146
5751
830
8670
592
3158
259
8766
8555
9364
9680
7433
7285
9880
9248
4057
3863
4129
3194
5480
704
1436
452
7090
7955
2036
57
5144
3585
1985
3881
2939
1551
687
8547
2267
4555
5287
819
3046
7279
751
9876
1893
5838
1976
3793
2895
7052
5009
3637
783
910
8370
9811
1652
3481
3471
5949
5976
3116
5748
5277
7544
8257
5432
7150
2599
1386
5817
2122
3463
7574
5257
4068
2211
4663
7104
7370
975
3524
3866
6054
9808
1287
7337
2616
639
955
9902
8003
6689
3297
4006
4072
2471
4111
3364
3276
3900
488
3520
7130
7535
6052
6262
7318
1306
4986
7847
2888
2438
2696
7715
5544
1601
3442
7641
3637
4200
527
8321
2088
8630
3086
852
6910
6961
9286
1824
9923
5834
6167
4106
3875
4656
4792
7839
3124
2795
7118
7672
7257
2100
8351
2359
739
6647
8478
1928
5568
4402
4969
423
7690
1486
4846
5030
9056
2526
2480
6132
7348
3624
8597
2014
816
8271
752
481
5836
3346
481
5243
6576
7371
8204
2322
3047
4365
9137
2125
5785
7489
9003
9859
7612
6174
2672
6096
4576
8229
7438
7220
4822
8808
3965
4384
192
7921
5439
595
9711
5242
5976
561
1247
9224
5742
4814
4535
2031
7878
8427
7223
2240
8162
5270
6801
9949
8158
3327
6889
8061
8458
2093
7730
9779
4083
8437
5842
8300
1889
957
1638
8984
1415
4714
5047
6672
1452
580
2075
2886
6940
7440
3132
4636
3307
2033
4718
337
2824
7619
9967
80
947
7407
3944
4454
2084
6849
2172
2927
7145
8148
8892
8207
7134
5707
3137
800
2081
3010
1700
7842
3769
5447
6451
1811
5754
5557
7345
215
7929
9291
4649
2378
6708
7965
6104
8048
4916
7052
7088
8501
3137
2996
5325
8301
7909
4223
1860
3895
869
8886
4493
2632
3176
6096
7311
1219
2234
9627
2223
6467
1509
3622
2944
4518
7979
7816
521
5078
5598
3781
2348
6525
1973
5392
5180
6331
9731
2807
3302
4968
558
6834
6355
6456
4360
2711
397
2257
5211
2619
8382
5043
4383
8051
1689
4185
9909
6785
7236
5380
9679
2939
24
6133
5959
3184
5902
9346
794
1316
3738
9857
3704
1625
6693
6096
3574
9185
7785
8932
941
6103
6136
2746
5981
2945
4708
1969
1733
8016
3039
4928
379
1323
3222
9421
8879
148
3833
4560
3669
5786
5249
8232
6773
7781
3098
9417
4821
9243
2218
4909
230
6071
3356
178
6545
4017
5901
3462
8532
2036
7211
1689
7932
2401
7090
9071
410
7000
3077
8426
5882
5151
5473
3098
4207
621
9110
106
6210
6876
8435
3347
8015
2877
5840
8754
2818
7743
7165
3156
124
7069
3910
4183
6040
9029
4651
8470
9709
5177
7821
9161
2235
5046
9948
6116
1015
9187
8034
9707
2239
5144
2358
5941
2480
7472
7276
8372
5368
2183
4592
3560
1534
7968
9934
2990
8844
6401
8682
9889
1065
3644
4662
8171
9700
1048
5257
4929
2676
4026
9281
5645
9072
5651
6170
442
9813
6363
7027
7564
4141
8109
2147
2949
9586
899
1723
7560
3428
6677
3173
977
1374
4800
2566
6503
5666
1654
3178
1037
4648
520
7585
2296
7348
6889
7080
8942
6943
6008
4846
7461
1978
311
468
1517
1095
1363
5646
8630
2848
1764
315
1395
8612
6021
3904
8619
9808
1719
7213
693
9685
3401
3740
706
9044
2749
6727
8321
3065
9628
6589
1932
2121
9204
9977
2469
7647
4268
8611
5940
5189
8273
179
9362
2126
2438
1044
9611
2989
3537
3808
3764
9520
7328
7647
1372
5541
8824
3693
3612
215
6110
1600
8345
6341
6276
5952
7793
440
4221
9802
5223
7397
5392
9144
1501
8153
1110
1348
4489
5552
7869
4352
856
9092
7055
276
9318
3423
9957
2487
9788
8922
7067
6850
347
734
919
5816
9542
4343
8369
3305
506
384
3330
8871
6256
9778
4862
897
6156
6367
5219
2447
6823
5647
4234
29
4342
7801
2419
5632
2800
3463
2346
6487
8595
8954
2111
5221
540
4112
4733
6050
6753
1000
4686
8765
9044
9
4918
9788
8633
4944
6548
5058
6216
6721
5332
5369
8861
6539
4665
7484
1690
9530
6839
4408
7179
1053
1552
7944
24
3503
4660
7704
1996
6355
6407
63
6792
2453
2621
8240
5797
8478
2145
8423
4094
2988
424
319
1949
7252
3300
7976
6229
2597
9415
1722
157
1316
6323
1400
1377
2346
2350
2731
883
265
7806
9681
8380
8802
9454
8516
6946
7786
951
2092
8215
495
2586
2497
4637
473
4956
4434
6195
6025
9498
418
1611
7473
3007
1224
4795
5464
3252
2805
9304
8871
6020
7832
4488
7073
4563
1325
4220
8166
696
811
4497
8339
768
357
6725
8227
4967
4900
7757
948
4667
3494
77
3156
3480
8877
3619
7950
3208
9816
6186
7890
2785
2240
5984
3482
2155
637
4185
1250
75
9869
184
5161
9586
4029
9548
2469
5122
6862
7764
1149
3321
1802
6989
6960
8433
7755
6118
5469
8042
3980
7441
6374
6552
6625
5913
1413
9568
1459
4434
3351
8566
8793
9212
2656
523
63
1311
7844
5036
6486
2552
3386
7298
8936
5829
29
2062
3389
7261
7234
9155
9366
6581
6839
9093
7385
7422
863
5732
6524
3340
1136
386
7417
1609
8471
4201
8238
9973
4867
2622
7425
5725
4873
8467
5491
5294
4474
3968
8476
7521
7685
3803
2954
5335
1419
6367
863
2621
4967
5029
5379
1601
5887
3986
9301
8253
2399
8319
8044
7125
4793
1327
3301
6721
1379
6922
2382
8416
5000
90
9866
3252
9264
3974
2179
7263
6454
2293
387
9489
7515
6304
2444
5414
2990
6772
3279
1756
3022
5092
7235
9401
6466
6477
835
1525
4140
1513
2516
7289
1432
9826
4100
7772
3883
4196
7028
3512
2041
5774
4417
6600
6533
2531
7976
373
2108
8467
3428
1133
7650
6911
6869
2975
3289
477
7664
7880
1570
3050
8874
3743
3872
608
6985
2431
7076
27
115
9936
2169
6389
6049
6900
7776
871
9031
7490
4156
5003
4515
8398
4810
28
6354
8258
6915
8185
4549
8936
4526
917
7779
9864
3512
1256
9085
7883
1918
9143
3946
2184
5570
3837
3101
6160
7966
6052
1785
2101
8469
5239
8520
3150
4255
7452
8134
4514
4226
81
3769
2972
3206
8118
7549
1248
9241
6519
5802
2178
5063
5272
5626
8462
4003
8200
4820
8378
6924
4649
9632
5904
4099
2962
8727
3809
1627
8287
8138
6754
3622
2996
5657
4193
7605
9743
1783
1724
6734
9336
714
1138
2037
2562
3487
2878
4968
6056
9679
7436
5709
9513
3153
8214
4469
9617
3304
5268
2720
8953
3788
7309
5176
6505
6574
1718
9096
4602
7518
9746
8094
4768
8257
6645
979
9123
8549
9112
5478
6326
4043
5719
2644
7762
7993
8262
5664
9662
5944
2700
1893
6591
2510
6007
2185
6361
9193
9633
8163
4518
8021
9940
6057
644
4919
9294
895
8935
1031
1501
3996
6717
5570
9480
600
7851
381
7713
665
8235
9683
9102
7989
189
3063
8685
7084
9407
6384
483
9081
3574
454
2110
3498
4060
6606
2114
448
3413
9076
1197
6576
8897
4343
7511
2671
4944
2138
8484
4615
7272
6178
593
5430
2805
7875
1171
9343
748
6320
7229
4426
1906
3412
4852
9085
5673
6669
1827
2328
2924
4128
8666
111
524
5060
9715
1771
3783
1753
265
1304
4949
6575
8096
716
6774
8764
3154
7145
8759
8032
1260
3361
6285
2525
7709
9816
6668
4802
1685
5008
2719
5848
6014
6611
6001
2190
569
5452
9858
1264
1697
6427
1989
519
961
2011
575
9431
8608
2119
226
2928
7266
9239
7849
2242
7406
8625
872
9749
6082
8487
5648
6343
3549
7256
3085
9381
8243
1993
1251
6046
4482
1052
9779
9332
6461
7821
3361
2912
3465
9451
3314
8335
3167
9924
1933
7770
3654
9943
1690
299
7751
5837
7701
2878
9851
1141
306
7064
1280
5428
4012
7247
2161
7121
536
3158
9644
2413
3822
7391
6645
9968
1233
7022
6325
7415
6056
6877
102
8762
3115
2677
5731
3491
3504
7783
6589
9040
5995
3811
923
1295
1392
1868
8149
6825
5110
9617
4314
9820
2519
5396
8926
249
2098
9234
638
9175
6355
823
4864
9726
7647
2554
6417
4163
6217
3695
2656
6137
5531
4815
6249
9226
6607
750
6866
4018
748
1181
9115
3014
9001
7664
1441
8387
9534
1794
8846
3459
3743
2506
9867
5551
9359
3460
5392
6934
6320
2324
6225
7581
199
8864
9718
7840
3112
3695
955
567
668
8793
6330
5333
374
4081
9901
6206
3670
1295
8873
2152
598
7405
4006
8075
8622
4549
3915
9454
7452
7474
4478
2021
3689
5617
4435
8568
9505
6678
2665
2105
1512
9472
4190
9728
7228
2956
2716
1860
4949
120
8559
4458
1428
9143
9801
4959
1407
2122
6191
1495
2720
4756
804
9550
7118
6602
7652
760
7181
424
5510
6615
4185
8577
5580
4452
7871
9511
5835
5719
6820
7633
1244
8599
6155
6771
7612
6931
815
8408
9723
8531
660
1879
695
7040
608
9702
3333
8841
4704
6335
4332
6090
9406
4465
4997
4465
5742
572
3071
9828
2766
8932
9764
3345
9461
3499
3345
1185
6853
3595
9601
9324
9070
2472
8768
5311
2302
2616
446
4981
9178
619
7714
7358
6662
2062
9814
7209
4545
42
8970
4299
6948
2963
6037
160
5405
9823
9972
5327
7372
6133
1131
9804
6919
7328
5576
8928
9786
2948
2409
4882
3254
3671
399
9144
7849
9831
8729
6691
3986
6403
1340
2023
1352
9261
1138
3085
1777
8599
4718
9060
6224
7364
4306
3610
8293
3910
3951
1010
1014
5214
2262
8521
716
3431
4884
9310
5915
3577
4506
6158
6896
1513
9491
3498
1225
8813
4142
9238
6060
8171
3712
652
9927
2844
303
6845
3415
123
8300
4329
5550
8641
1653
1924
8783
9806
4094
8905
1356
1537
243
2773
9035
8257
3207
472
8601
4552
9377
3890
6882
4869
2312
1074
3139
7985
1895
499
6949
8436
7626
2169
9508
1368
8142
3369
7
9898
2167
1642
2624
3670
8345
2463
2959
7920
8445
9186
7851
8115
6594
894
4477
5639
2897
8252
8961
3560
9629
9741
7563
1174
4140
2319
8201
8613
8976
3242
5114
75
3134
3852
5482
6976
6184
1497
2967
644
6424
873
4002
2011
2224
1369
7145
3715
1999
1074
3814
9195
8192
5634
3252
1339
6685
9229
4575
3012
3700
7799
9128
4652
5136
1463
6255
5009
8652
850
1468
6626
4189
2341
6249
1209
389
910
400
4434
7565
1910
9291
6727
9596
7887
2595
6755
4437
3553
9033
2635
9550
4495
7923
3010
6704
5351
8210
9744
6376
2610
7497
9397
5896
4896
6387
4878
8154
9780
2674
3060
7645
3658
6435
7877
5001
9528
9697
1339
6482
7696
860
5872
8858
3812
5391
2750
1739
4225
7157
8154
7669
4916
6139
5582
5591
1780
787
6476
7890
571
1562
9033
9206
2641
6487
8621
3334
8951
889
7520
5925
2993
6791
3495
2915
6903
9477
8177
6046
4313
1181
2726
1902
9467
3220
8331
4938
6011
6283
2979
6515
3067
9292
1721
3633
5000
5129
6301
131
4885
3449
4286
6129
6054
7527
1813
3081
1820
9385
4270
2011
2391
9597
1418
849
9699
8289
1987
2944
9420
9098
8723
279
5523
2388
2074
9754
1553
7891
5011
5276
887
2999
7381
5732
919
6634
865
2610
7128
2665
3866
6974
9795
286
5241
3040
7293
798
5162
5895
9418
6032
7374
3264
1555
8475
5230
4575
375
9614
5303
2024
111
1842
9876
4216
4617
8462
4778
4644
456
1888
3515
4994
2950
6743
7932
1845
2526
7155
3973
8787
3296
2424
600
9834
7669
7800
3260
7855
1528
335
9010
3345
4850
7547
8067
6747
2210
5804
5584
2493
4915
5450
4633
6503
2775
7193
9016
9219
9774
8897
2113
2203
3415
8700
1701
7145
9029
9785
2017
725
6848
2056
6807
5316
3754
402
2979
1737
3153
9726
3938
2424
3638
3212
4395
7155
6378
4488
5793
6856
42
6981
8474
694
8855
8393
7028
3671
6911
1136
1808
241
7193
5112
8788
6814
6418
7365
379
3923
4473
8638
2230
9241
5341
6770
4533
1417
1871
1232
9282
7747
8114
1430
2633
6619
2203
5309
1281
2556
7574
1084
2673
2719
2100
7506
9885
8347
1975
8630
7976
6513
6857
5293
2507
5450
6422
4066
426
90
9125
5131
9594
1982
6184
2875
537
7056
4864
5826
3744
7314
6995
8739
893
360
7399
8072
3044
2446
2976
5432
3208
8340
4956
936
1533
8964
4091
5452
3873
2010
2088
128
6286
6633
8423
7856
3299
7754
4377
4032
8422
3348
1257
5436
5349
1953
7908
4713
4072
4260
7445
7234
882
2163
1610
7387
8005
3903
1278
5693
9315
4990
4939
6179
8194
445
7345
5516
9887
6995
6565
6220
3022
2396
9635
8670
4049
1059
9650
3799
2671
4732
8882
1809
8742
1144
1045
7851
3231
9416
494
2154
6904
9867
821
9006
849
7283
1560
9635
5561
174
4944
2401
9158
3313
7013
7369
6317
5614
9253
6282
6209
9298
4442
5204
7639
8567
5984
9336
7129
6290
7885
9941
9014
5886
2894
4307
3369
8651
7461
9396
4712
8521
2884
9843
6171
4186
71
7675
2496
8746
6540
3332
3862
1749
8400
5110
9117
6811
3222
2215
6114
8979
5167
3817
8863
9742
4228
7177
5594
4948
234
4998
5784
3799
5108
7286
2493
2364
6466
59
5646
3098
9609
2929
1396
8371
6455
6258
5450
6379
3627
7214
8385
4912
3887
8615
1001
5408
7931
8110
8880
1046
3462
3565
4268
4481
1960
2769
7962
581
3055
9604
3911
30
9388
7555
5820
4092
2156
9160
2414
9459
9521
8475
2176
750
2271
9564
6540
3942
2444
1596
3449
3786
5466
8836
9363
60
6152
8971
4771
4650
258
9717
2233
7087
6659
6520
6949
471
4158
7786
7110
3535
6566
1389
1415
3319
1799
2746
9205
5151
9668
7046
995
626
8997
3819
8194
3101
2303
5333
932
3597
1292
4254
548
8759
9140
8871
9396
8363
2446
4747
3259
2170
9274
1808
102
1739
3191
6457
6110
256
5157
3929
3841
6526
4989
2452
6301
1578
2106
849
6560
270
7493
3071
266
249
465
5122
1485
8696
3804
1752
4714
5295
9457
5794
6753
2568
4220
5903
2516
645
5823
790
2520
4083
4924
1088
9919
1552
2795
472
1672
2311
640
1827
383
6619
290
3803
7176
3735
487
9152
3289
5652
8866
7592
726
1989
1167
3010
6077
7637
9202
70
8822
1903
2581
564
8208
9618
7582
5872
4126
6266
1378
9371
5047
4452
6813
5247
750
4882
9157
9685
4790
3645
5775
779
5952
5233
4708
1096
815
928
8147
6309
3604
456
9071
2829
2015
7291
7796
9298
9087
1981
8826
9397
2856
9385
6240
3872
6580
2551
2514
288
960
9951
8929
1825
2890
2988
2097
6815
9570
8089
8091
3241
9555
8776
8338
3426
6250
897
4911
1785
4457
716
521
9167
7085
7746
4088
7693
1161
8326
5932
7540
9617
1286
4929
4238
1043
8778
9027
1706
1947
1141
1890
9598
8153
3382
5938
6942
396
2415
30
228
8831
9865
7204
6171
6069
5138
850
4249
738
6609
982
7011
7547
7579
6648
877
6523
1751
5713
5692
7568
6300
4573
7468
2152
7530
383
1470
8940
6321
2763
5706
187
9261
7453
5027
1868
6461
6326
9002
4849
6967
2931
6730
6329
1824
1915
5260
1782
9857
6818
9180
5387
4480
4103
9873
2760
5297
416
7634
2046
5790
5970
9022
249
1469
8171
9153
6478
4479
916
8583
9220
4885
7221
891
6170
749
3242
1622
2463
9012
3513
3440
912
3899
6779
8307
6026
3397
8518
5043
879
3336
5149
9644
5912
502
9145
2676
1586
4556
4051
9667
3989
7977
2023
4522
5850
9812
7306
1808
7495
1071
3632
2671
7904
3995
5484
4181
4986
3071
7195
6963
8428
3454
4771
283
6862
3472
1386
7108
1626
6365
9021
3196
6032
2181
7667
3642
661
2135
2311
3570
6320
3026
7049
1268
7484
7229
3662
277
7861
7063
6225
8259
1332
7047
5018
5877
5496
8053
4219
7763
2531
4927
9700
4806
8212
6570
6906
4285
6460
6475
9276
4644
5107
5546
6561
1688
1698
3752
3142
3970
3592
5653
9529
980
4002
7862
8122
6708
4115
3373
3561
4368
9555
9124
8388
3204
9551
6571
975
8602
135
8155
3365
6114
2767
6960
830
4346
6596
8724
8770
3627
5509
5119
1433
5863
9021
7024
7205
3762
7590
1990
23
6722
3941
4300
9247
9991
4988
6308
5972
342
4605
8956
2805
4230
7534
9747
9153
6031
6102
7752
3225
4164
3936
2086
6769
7824
926
2756
6292
4543
2220
9535
3383
7160
5497
8658
4424
2756
1821
3588
8718
551
4979
5274
2033
6706
188
8242
2479
9276
2214
1803
2806
5727
2742
4045
6651
1537
9912
2375
5991
7482
5312
9611
8543
3308
6691
5832
514
4297
989
4522
1348
2174
2917
5762
6156
691
8334
8843
993
6070
4424
7644
6068
13
5834
7279
3913
7323
1030
8450
7192
458
9947
1109
3107
1375
5237
9170
7713
6193
5606
2367
9617
7459
4806
4064
6983
4149
2092
8831
96
9853
8130
8786
276
3884
778
5697
536
7141
9116
4595
7256
3153
974
5009
7438
7593
7683
7957
3492
5341
1676
754
9383
1653
3908
1038
8792
9415
1396
3466
6574
3459
115
3514
2774
632
3421
2399
9434
376
8143
8570
5305
4625
9852
3052
5346
9681
6262
6409
1102
9578
2897
4803
1032
8446
7894
1557
1998
5987
6225
100
44
8490
1989
2922
2845
2768
6993
2084
5132
7064
6312
8188
2086
3112
8644
3792
4080
3296
907
9367
4698
3119
5553
2963
5748
3282
8271
2894
8638
7577
4790
3224
1435
2218
4393
6051
8488
5060
1707
2513
4544
7764
6619
8216
1030
8396
2852
6
8621
8503
5092
9686
6638
7903
2758
8815
6070
6325
5184
6103
2097
2076
2027
2312
7757
9603
2826
7094
3107
2265
9325
5816
5075
8257
8944
7969
2876
5397
5489
2936
5286
7569
4704
3898
1960
1094
8778
1514
5120
2219
4625
3727
6551
8430
754
67
6058
740
1630
8138
9272
6592
9325
6687
8643
8242
7105
5166
5655
2911
2662
8438
2281
8020
1299
5909
799
3736
5874
9876
9036
4253
5765
8923
1667
3270
6861
304
8916
7089
4300
3467
816
9871
2106
8339
2457
3282
9512
476
4571
1493
9300
483
581
9118
2053
1048
7475
7147
1223
3005
1821
6897
7017
5661
8613
209
4506
3092
6469
4734
2507
7808
6170
8044
2208
1680
2037
7060
5866
8322
2001
1235
7996
1812
9174
6258
8288
9233
3292
2057
4773
1905
9657
1163
7987
4512
9786
4208
4263
5838
5795
7989
5122
1406
5866
922
6502
8006
5234
8481
4809
8392
3141
7607
9047
9344
7964
8778
9683
582
1804
718
7695
3462
8716
1504
3881
8501
6644
4883
1348
4800
5762
5288
701
7451
3369
39
9210
2323
2681
1173
269
8124
6008
1434
7799
9852
1362
1464
7038
632
9906
6529
743
9587
1921
7621
1000
6646
2312
9113
3055
3565
3971
9680
982
1080
1643
1262
8733
7518
6054
984
7677
4846
7604
9537
4271
4116
9546
3684
8083
1749
1388
1373
5298
9800
3892
4143
9495
4381
1797
7848
7858
7765
5491
1017
9994
3899
6229
2320
9741
4424
3360
3807
5218
3130
2347
2162
568
8177
8831
7497
1337
6747
2622
9878
100
563
167
6795
6648
4837
9575
629
7962
6263
3134
666
2602
587
886
7194
8134
6462
9866
5571
4948
5457
8233
1072
96
4092
9694
3378
1411
264
8082
8323
9118
5388
3514
1689
564
3343
5349
9059
1364
91
7986
2160
8083
7348
4988
1246
8604
8026
8721
3631
9446
5453
4709
1774
7709
8353
9164
3324
1303
3934
5898
6204
5065
2782
3460
7941
5475
3787
8190
1662
4267
1588
7756
3805
5298
2441
2992
8951
4576
5867
5635
5077
496
8163
2013
5401
2676
6636
6707
23
1446
8819
1143
2954
4611
8627
1382
6075
6888
1939
8347
7176
851
3387
3283
8280
239
8562
5657
3474
1247
9523
79
5362
7979
8652
626
2054
9988
9901
2300
6033
429
5809
4923
4236
4492
2733
6658
3414
7324
9552
9030
8168
1307
2851
780
6312
9403
9396
670
4585
2075
1539
7394
697
1878
7651
59
3809
8155
5222
171
56
1969
8022
9122
1217
3004
3489
2072
1020
7155
1190
7935
9403
3555
2180
9571
1567
1817
3840
6105
4249
5720
3619
6904
6564
9225
3951
4637
2356
1676
1145
4149
9540
1470
3841
605
6265
8697
7769
318
4526
8127
5053
5079
4960
4245
1814
8236
6951
7451
8563
1708
4233
671
1492
4097
6851
9432
6482
2799
6291
8905
7265
1338
950
3001
7701
7400
6946
2895
9956
8121
7524
5145
8061
1963
3263
1917
9005
8826
2154
1126
6171
6170
1877
820
4647
337
119
9813
2086
3400
7791
4620
7256
8991
1559
5359
9938
2276
2695
982
5698
8877
5682
227
9677
3874
2949
7288
5509
8479
2068
1726
4858
1164
6891
2411
3242
3040
3874
8968
6635
9757
4704
8534
1375
202
7891
1726
7047
2959
1379
1192
9028
2885
8729
8401
4217
352
6145
5712
5121
9631
5387
9564
9417
4525
475
7243
1418
7554
9160
2470
828
3313
7838
3193
3482
717
3603
5227
3080
3485
689
1666
5239
3452
1534
6281
7675
8799
998
4158
1412
2850
6743
1157
5906
9178
1801
4020
2026
8419
2075
7978
8262
6602
8928
8909
7559
8240
5013
5438
8297
4285
2515
3918
5533
8002
8864
5231
4613
7328
538
9795
3224
943
1604
5286
5508
4328
6820
1271
9329
2911
339
2159
1853
3256
7973
2814
3980
759
5079
4526
38
8652
77
7243
3241
807
8740
8795
640
1254
3450
513
4542
6196
5290
1245
7873
286
1266
8924
472
1306
477
2789
2024
3067
2895
3875
8943
9450
1277
1676
1338
609
9094
35
5500
7048
5728
490
2293
4085
9612
7531
29
3618
8930
5702
4163
8227
5472
6715
9161
4173
4286
5823
4820
6172
3252
8352
1084
6957
5659
6081
198
4903
5397
3623
8585
8515
1824
1658
935
9563
9607
2053
4438
996
1109
9658
9573
2520
5987
2302
8114
8479
8001
7153
5470
7623
9446
4404
2250
2307
2494
7204
2921
6834
8663
9361
3445
9040
939
7048
1451
2884
8505
906
286
8126
9114
357
2967
9546
6410
9902
3147
3372
9676
2989
3453
5755
7056
9201
9685
707
3838
2017
1261
7936
5755
3984
1215
1569
2561
8367
728
9854
4137
7731
5717
3923
8482
7454
5923
7523
7100
5475
9765
8456
6665
189
6171
8849
3996
4691
9235
5246
1678
3693
7319
9337
4429
7196
527
8139
2695
2372
9342
1013
696
2666
146
8968
9531
4730
2627
4405
7789
322
5069
6997
6572
3128
4644
4587
7055
3214
5705
3448
6931
9932
2760
7815
2398
1731
1063
6745
1879
8540
951
4176
8926
5482
4249
1262
4800
5470
4428
9935
1220
1751
4243
7947
5139
4178
464
2987
5434
2842
9553
5753
1344
2745
7913
8515
8865
6695
4208
4274
2072
4440
1720
4099
3232
7727
393
1590
4546
1309
2590
4208
2781
1649
7113
4476
4436
225
6343
4279
9993
2573
3351
2512
8335
9946
2550
2456
6716
3892
9959
3164
4787
9590
5876
2665
2190
6227
7430
8923
6312
9496
4683
4048
9086
2116
4035
5003
1153
1718
7375
6604
8987
4589
7718
1894
1490
779
215
9614
9780
9026
1947
2047
1833
1779
4462
8768
2327
6100
6925
7589
6734
5196
9683
5391
1536
3190
7093
9154
6271
9344
111
9646
6856
3769
2296
8911
3571
9002
8464
1048
6008
117
9778
5870
6735
6111
8626
5632
41
8303
652
9158
3234
2717
1971
1902
3500
6614
5897
5190
7429
2725
1841
7600
2671
3197
2014
2184
3191
8015
4758
3420
8375
220
5831
5828
8254
7521
6127
2000
4632
1427
6867
7177
7961
5458
7184
5355
405
115
8179
2316
7421
8824
3468
4896
3206
2175
2562
9230
8836
5038
9832
6247
3282
25
9873
2438
7750
767
7616
6008
6388
8022
6778
1368
4205
1670
1230
4401
7677
8738
3398
6603
131
3963
9408
3918
4101
9217
7504
4750
2124
2570
406
9453
2436
6852
9715
7359
9148
1800
8793
5087
8362
2029
5099
3588
2468
9948
5827
7185
7853
4104
1660
7048
5760
802
6911
4921
383
1734
4578
1612
3671
8916
435
7311
149
3005
1272
7338
7502
3959
1272
4813
6375
1218
8654
2766
4265
1059
1445
6531
9795
199
5138
8918
5588
6838
9742
9005
334
9098
2064
4324
7694
3896
1702
5869
8859
7363
1484
564
4902
1355
2984
6440
9035
9735
3813
6837
5574
7957
6267
1125
3396
2288
9554
8299
1280
9449
1294
1206
1888
3496
7509
9452
7638
965
3974
3082
2161
15
3320
4081
5483
2849
4189
3892
9662
4592
6216
5239
3274
2094
3568
1354
7400
2435
9168
4452
1119
2967
6300
9233
1291
7820
8597
4280
9443
2422
8222
6612
2377
3278
3066
6270
4118
4803
2967
8424
1388
5398
345
5252
4395
8476
8280
6405
3800
1286
6075
1776
3397
2290
1396
1825
1705
6095
9036
4505
6942
7372
3079
5404
4577
8925
7087
5632
8949
1820
553
2174
2570
3315
7702
6799
3102
7014
7790
9175
83
3250
7758
9080
962
2768
119
9073
897
9873
5525
2835
8549
5365
5375
520
2543
6561
1400
7812
8617
7782
897
2540
653
3247
4351
25
5749
7312
6106
4024
4896
9584
6285
3718
264
3972
7255
9712
9893
5073
4473
2950
7161
5433
5561
3410
8501
2364
9128
4179
8645
7032
2669
1284
572
7904
2804
9233
2082
4547
7001
759
7328
8545
7347
3018
6309
6564
5539
377
2875
2693
9799
6958
274
828
1888
1361
6413
59
1334
8637
6703
2687
9225
3884
524
9287
9603
2783
6088
8233
530
6207
158
9207
2018
5842
3189
7302
6948
802
8535
4153
498
2964
6979
2816
7379
6142
7435
5427
9349
3919
3861
846
8851
4180
2802
1538
5174
1928
7747
6808
101
2532
7245
4492
5693
2519
3613
6057
4776
439
5845
5258
4514
8791
2590
1243
8232
4058
1587
3548
2123
6604
7372
928
2477
5541
469
8036
3535
2516
4941
8785
6086
7876
4884
5723
9244
6978
8830
5722
1879
2581
3373
7440
1904
6323
6966
5184
8103
796
7369
4321
2404
4785
4707
6084
9574
4723
2187
1970
2197
5567
8908
9221
4166
81
8876
4297
7864
9362
9077
7801
4442
4155
7251
7063
7957
9336
4667
6172
7559
8679
4411
729
9537
4470
5953
3969
7285
7001
2400
3287
5078
777
2466
9067
7612
6909
822
9120
34
6151
3901
1965
8765
6688
8457
9399
9283
8853
7771
4681
9919
6133
6221
8534
7923
6530
5877
9673
2479
8677
5990
8556
5622
5165
760
2954
5896
9916
9625
595
4180
5441
924
213
9321
282
1904
9603
7268
4587
6295
209
2261
6381
654
3982
6828
8149
7523
2704
1789
6172
4038
5633
3423
2559
