7306
5283
2478
6223
430
6723
1567
8446
5382
9235
1768
656
6094
180
210
7410
6838
4014
17
5569
1129
4048
7715
7871
6089
6063
3315
3045
928
8500
2965
7227
6519
9993
2945
5529
6017
8251
2311
4463
4768
9200
9008
9964
6647
9518
2115
3612
4112
6731
7752
471
6517
4000
4166
4024
3619
6372
5637
9776
4767
3289
7354
7467
6343
2553
9795
6896
1743
385
1246
1372
8529
5680
59
8805
9895
8052
6417
4244
4594
2349
9656
5100
7432
4736
383
9195
8086
1525
3683
2938
1623
5031
7808
5437
1870
7986
8514
6341
3281
8451
1942
7175
5616
7556
9041
6718
6168
2781
3673
4514
9944
7575
3226
9964
1045
3367
1308
788
9644
5845
5091
4884
6776
4443
1224
6712
3235
5276
2686
5402
5122
3536
4630
3333
7937
7474
9830
3768
403
9955
5568
1404
8013
54
8466
609
8764
218
1959
1968
8204
6621
404
420
1023
2039
7329
3514
6431
9503
3778
6313
7858
6172
7111
4166
5026
1549
5235
867
2664
7288
7182
8314
9464
3718
766
5287
445
2667
9228
5108
9016
7438
2325
6107
43
1992
2994
6784
6447
345
7324
1025
7373
3929
8734
7439
8090
2101
709
1218
259
8386
6727
1908
4488
2933
7418
8431
5088
1153
1933
9955
5398
2399
1429
1688
7326
8157
1271
3473
9355
2860
5768
1706
6772
5
1923
4278
2137
607
7538
7917
3265
4963
3036
3445
3056
4114
9110
203
999
285
4023
2623
4645
9827
5968
1700
7263
3479
7553
5603
391
8293
8784
859
2813
4129
4689
6593
9057
2672
2641
84
3239
3951
3184
2325
7372
3543
5044
7668
6103
5798
3965
3473
5844
5265
5540
4970
2281
5230
3050
301
7802
919
9705
5573
6658
2899
192
7008
9292
1569
4167
9310
3749
3962
6283
6791
7859
515
1949
7311
872
1860
439
7422
7195
6061
942
121
1734
8964
4871
4259
3286
1151
8396
2462
206
7156
6702
467
6042
8039
8976
8903
8848
5576
3170
2587
821
7745
6236
2833
4591
7956
3124
4202
7820
8395
6297
1046
8012
9808
1348
4938
5515
9447
3915
4590
6170
2481
952
1002
7552
6070
654
271
193
4141
9658
7189
7002
3954
3192
5372
8406
7651
4573
8384
3340
2242
8952
8396
3317
3543
4966
428
2855
2308
7293
669
4308
6726
878
6517
9283
4861
6239
6269
4192
9563
4118
4665
6057
5290
6662
4265
9110
4836
6644
951
7504
2432
3241
2618
2641
6101
3204
4468
9237
3743
424
9968
328
150
6417
1321
2069
4687
3503
193
3641
8623
5955
8189
6085
6841
3182
2308
9719
7674
3782
1695
8611
2393
7251
1420
7933
5457
647
4309
4973
7823
8238
4194
2518
1022
7632
9334
8572
4264
1669
6391
9871
4260
1581
3180
166
2419
7606
5809
6543
1047
7205
516
4134
4517
6638
374
4223
4588
75
2721
4410
1957
666
6143
7389
1670
362
1887
5737
7200
4784
7619
9392
4230
5522
4429
7946
1827
4260
4897
958
7772
3835
1129
9044
2674
930
6362
652
2573
6938
6506
4331
1250
6292
5328
7214
58
8136
5106
8696
8937
8531
8753
4221
1486
9529
9610
3160
6409
4340
2860
2419
8833
3983
6317
5528
2950
4727
8904
3991
5766
129
4418
6557
2006
3713
898
318
3901
3201
378
6436
1200
8671
9832
1950
2835
2591
9437
2026
7846
3015
4661
9844
5542
9104
9785
6393
3875
8802
8009
7557
2867
3038
6334
6029
5232
8263
3661
9524
8156
1702
4347
9489
7429
2872
7629
1080
5161
7409
4204
8069
1047
8590
2916
4252
9694
4059
2717
8780
9101
7670
9891
22
3224
6680
1824
3599
9356
1185
6935
2857
6693
3254
9882
8305
7890
3149
713
4016
6752
8813
3805
4673
3954
3475
3601
4491
9283
2608
4838
5316
1678
2822
8717
8551
5360
440
5238
9623
794
9421
7071
9794
1528
3582
7163
487
5698
4864
6205
5828
8780
7046
9393
5121
8294
2450
9164
9495
2249
7420
1783
3409
9182
8757
1979
5502
1338
3367
9675
6944
1061
9434
2794
3381
1475
8946
2499
6613
9906
8925
9534
665
4054
8804
3273
2463
1985
154
1947
6804
6302
1730
7960
3062
3107
8926
4540
1600
1403
7770
6401
4677
4976
1650
488
4810
1033
491
9426
7019
2198
9524
1631
1861
3250
2589
1993
8954
4561
5303
246
4417
5716
7080
4724
1255
8537
728
8417
3690
5984
2867
9468
9857
7999
2088
8368
3843
9193
9282
5953
6657
4230
2439
2282
1777
7916
795
9277
9055
3264
3611
9945
513
1070
4310
6124
5343
744
8327
1222
5811
2724
3379
538
1931
3579
1457
8679
2726
54
6034
7749
9329
1809
434
3602
5329
5144
5038
9491
4605
8407
5365
9876
9670
5916
626
6289
2011
1551
5111
4572
5397
9849
8123
4667
415
4960
1434
9787
1252
6533
5756
7488
4176
3396
5563
6990
1177
6392
6637
8339
8797
480
2709
8487
617
9055
3576
8072
4167
477
9145
5868
6986
7176
2034
2616
3817
95
3663
6881
3168
7469
8092
6461
2115
6456
162
1791
3417
8504
2981
4625
6582
2860
2152
2160
5223
7963
9036
3823
2327
1471
415
4264
9483
1855
8680
1538
5910
4753
178
6231
71
1483
9440
2855
5037
284
7316
601
4617
7296
1667
1311
5951
6766
9382
8010
9037
937
9763
7489
7660
9671
2663
4239
5159
2837
6727
2115
9079
4494
5463
1217
866
5815
9221
4948
6528
7176
5862
1544
2529
5982
7912
2969
8814
1824
8800
413
1469
7799
4284
8785
2126
602
9091
3319
7965
3759
1126
9904
283
6418
6785
5595
6576
6673
1039
1493
5362
1683
8022
5094
4449
4027
7084
5637
8017
3618
101
6759
2776
899
6354
6596
5017
7291
4747
6370
6754
867
3504
2629
919
9277
2483
5364
6541
9800
4320
2257
7342
1855
5739
6282
5780
6161
504
959
275
8438
2169
8520
1774
427
521
5525
9759
5098
1768
7213
4141
3537
960
1098
4056
1209
4859
5270
7299
5731
7173
7902
3087
1229
5486
387
5733
1240
604
6983
3663
7097
1434
3642
2437
2698
8812
611
9209
9698
1810
2570
7104
5657
1964
5574
9235
4311
5211
9679
3428
5759
1820
9973
8905
6498
687
5068
898
2339
389
1103
8375
2279
1206
5305
2802
9575
4048
9918
3859
9114
6591
1236
8486
1198
9080
3679
9388
5768
4532
1758
7339
3172
724
778
4127
6413
1027
7586
2786
8292
3300
5456
8925
1791
2303
952
1181
9271
3193
2143
4305
8399
8277
5593
4976
3229
2470
4253
4818
6828
7943
6001
2112
9376
5815
6545
1520
2188
1543
4209
1159
2218
5313
9727
5889
6925
998
8754
9433
8307
2646
514
6117
8298
5828
3095
9155
1367
2868
4840
2393
6812
2129
9584
9597
7370
8414
6751
9983
2815
8524
8440
8166
2045
8958
1680
3839
1477
336
8015
8785
8005
4600
9606
4223
8216
1253
590
5374
2672
1111
442
7129
5477
3912
5475
2584
9100
6469
8861
8185
8720
6273
7710
3009
7475
2790
7724
6722
3207
5102
9099
2719
5807
572
6886
9184
3657
9671
206
8667
4644
5038
2169
4230
3014
2850
9620
9132
163
3527
9244
7865
325
6501
3624
1594
3181
6964
5403
3107
8624
166
4703
315
7460
9746
7657
7172
3739
2449
4404
5361
88
6113
1904
863
1621
5529
2561
7225
7821
4508
7359
7020
6022
6431
2833
2535
1595
1612
5411
5205
5470
888
4334
4008
4028
2344
1074
8154
9005
3635
7839
8865
6734
5516
7933
2631
3068
9647
363
7936
2192
1117
4582
9081
7656
5870
8227
8148
1379
4537
3944
1934
2178
3740
9037
8878
273
5698
2729
8866
7720
9972
8400
2912
7652
9934
8690
5029
5246
6633
2071
8389
9159
8747
491
1966
4915
4054
2915
2297
6043
69
6165
7907
9289
571
8835
6851
8943
3792
5132
1336
4044
2641
1372
1566
4841
6341
2712
4862
3116
1449
4393
6913
4884
4672
4296
6796
5126
9643
2927
7976
7176
1484
5256
651
5189
7828
5163
3512
1175
7402
3183
6176
4133
8384
8551
1433
1517
130
3033
9797
2316
1947
6062
8503
8360
310
3787
4412
4571
1577
5308
7007
2568
2994
7326
6893
8528
9436
9676
1926
9063
9796
705
949
1011
4967
4719
4304
2838
5908
2554
5800
1927
9654
1526
6701
3422
3710
7788
3628
7860
6729
3428
3702
2107
5311
335
5015
4977
3541
1744
1151
3346
5132
8803
626
2615
9189
9058
6239
8491
9066
1176
8458
8300
2200
2730
7376
5699
9350
3528
1527
2489
1606
5499
9569
668
5516
2533
738
669
9245
6536
8656
7985
2963
33
2605
6466
292
6542
191
8961
7829
1825
1686
2790
7155
1307
8353
9513
4902
9098
3355
6208
4004
7175
919
7178
9939
3906
6370
3130
3042
5475
546
892
9642
8062
8593
4411
1690
3233
6708
8415
3506
1405
1898
7900
2286
7771
3089
4999
7984
8181
1846
1158
6042
4246
5971
1762
2992
1830
3823
9413
1998
4630
419
7364
3735
3147
7293
2914
9172
6819
2872
9685
6475
2737
8482
4737
4040
3793
3872
1985
4125
9343
6151
8154
9323
5674
7981
7472
8438
791
7990
9624
6700
9194
3449
4916
8829
7335
7188
257
6352
6317
3543
1123
5612
6165
9254
6211
858
903
9578
9922
4639
2864
4385
1986
2975
5154
5274
2702
1873
3727
8156
7650
3051
6427
6952
6083
9861
4921
3235
2447
3979
166
2426
6620
9787
568
3766
1553
2652
2840
4015
5091
1036
35
7911
2106
7556
1992
7791
1918
4621
5798
779
5707
3249
7261
8818
7356
6833
3702
4730
4458
4364
8745
4881
3270
8061
2460
6863
9232
4013
9593
4086
2770
1435
2081
7108
2761
5521
3112
554
5986
939
7170
9783
4504
425
1698
864
2940
4133
1478
8665
1255
2323
4781
9026
8014
1946
9236
3781
2211
3588
2419
6454
1996
7172
3146
7856
6932
9630
5453
7873
2926
2394
2976
907
8800
320
6543
6876
7279
3579
3368
6342
5154
717
5010
9604
4518
2690
521
9703
7408
6185
4798
5029
8397
4083
2886
8422
4456
5835
6326
4427
5646
6116
2806
6642
7007
1870
9514
7160
3441
3062
1193
2891
5640
364
233
3303
4865
4310
7310
4545
2761
468
2786
4370
189
6566
6298
8659
5541
7778
1512
5042
5877
5481
5784
1056
2510
5399
9429
9363
6583
2587
516
9971
3927
5628
7710
6329
5147
3225
6074
2708
3759
2541
224
3904
4316
5311
6831
2762
5807
1582
6625
2869
1412
8837
3091
6284
6368
5477
107
5799
8027
5408
7147
1451
5229
7539
8775
791
6376
3627
1213
7036
5468
9884
7586
3824
9437
9894
9380
6422
4129
8539
2496
1013
9544
4407
7644
2009
2825
1391
1933
720
753
1808
7588
8021
2109
8921
7211
3324
3030
9467
5059
6679
1383
5912
9361
787
1725
7131
754
4956
6169
733
1211
9954
9066
7407
8584
5591
9348
5445
7141
5169
6496
3230
6835
4796
789
8570
9176
1506
5273
5342
9928
8071
6744
8554
7149
4723
9576
5372
1596
3674
6548
2469
3520
6283
7958
6501
9234
5187
2082
7287
2748
9120
3775
6968
7529
2586
4860
662
9647
8799
457
7656
5096
3556
4465
8395
7125
8106
2735
9803
6352
6615
2463
8828
77
3539
8565
4061
7775
9284
4816
7148
1957
689
5431
9623
4328
4245
892
5819
9907
8348
7724
9438
9508
2051
5497
6143
5304
2657
2410
2114
2546
4890
5933
1098
1934
7035
3204
7340
5078
6621
7539
1361
3728
7379
7594
4785
2769
4200
9339
5815
1046
5296
3478
2273
998
4699
9731
2249
2425
2691
4787
9074
6508
4449
8076
1408
5394
9712
2014
8710
7329
6199
4337
8955
7138
2249
6585
5815
9192
9870
522
7339
1100
1137
2613
1373
8570
7877
5014
2700
9796
3813
7639
7579
2159
7123
6689
589
9279
890
1741
8386
6890
5021
9799
4205
238
2688
1995
7604
4579
9951
4824
6182
4534
7084
6362
8779
7030
2203
8258
2785
2681
6666
1325
7007
4078
9529
5351
5220
6554
4531
9417
4132
1122
8073
3188
743
9453
7265
8771
6021
2106
4079
7454
1611
6942
5807
5415
284
9919
8897
1030
4366
6728
776
5049
7544
8388
6305
2165
1582
1528
8265
1162
798
2030
1793
3763
5882
6666
1470
2255
3737
8618
6192
9018
4271
8422
3762
145
7799
1635
4809
6125
2714
356
7125
2257
3172
2672
5900
2106
3538
1923
3498
3778
1580
1282
8197
8064
5428
7892
2079
8614
7420
1908
9787
1148
1118
9509
5564
350
3890
4185
1625
8640
14
1770
5571
5971
4849
2108
7087
2179
482
5503
5763
2558
5441
8140
5154
1002
6598
6489
7256
3997
9725
9821
2690
6367
6017
5786
6870
9454
9149
8894
6338
7018
1594
8259
6237
9090
451
9399
1133
173
4485
6262
9846
1306
6764
9594
3080
980
8276
8972
7381
6407
7388
421
551
3582
9973
9289
1381
9794
9575
3307
1220
3255
916
5388
8915
4112
158
1930
1522
1486
9579
9401
3063
1230
4331
7653
8849
3592
1468
3832
1078
3213
1467
8731
2461
5659
1780
3845
2692
8697
6305
8794
9226
8929
8871
2122
8036
7262
8091
8028
982
7456
2399
6945
1144
8889
437
1428
5058
9343
6061
5572
4080
2895
4258
8204
4277
8946
6704
4550
7099
2482
1661
214
7330
380
6590
8519
6141
8373
3077
1475
9685
3345
2805
5257
766
3009
8264
1127
7569
2031
1982
8562
6459
9819
5694
8768
7221
1226
1937
663
9664
9669
8066
5242
5843
5463
962
1442
5080
7823
3555
7769
6555
7258
8529
2169
5194
1933
9393
1085
8423
3813
5068
5117
4263
9599
8510
2258
472
6850
2154
4237
7565
3702
4862
8359
2453
8445
2095
8086
7232
4983
549
3903
1249
8777
3475
9181
5999
1521
2221
2540
2782
9855
3151
2817
7943
3730
8719
8603
1171
5572
1843
3736
1967
1696
4312
1353
2309
2248
329
3354
8691
56
6365
7227
7100
6386
1608
4288
1113
2620
6276
9692
2312
4421
9467
8698
6771
7475
4839
4149
2093
8050
7243
7062
9261
7459
9186
608
6987
1470
6249
2383
1967
9521
7173
7890
50
2510
4003
7276
8389
4791
3786
2350
5776
2860
5761
4799
8460
9699
6623
8636
405
293
301
9575
2977
2126
7951
1939
5854
3782
4437
2178
1658
7615
744
8725
4801
2101
9341
907
7091
1705
8706
3433
9719
7637
4293
6882
37
106
8870
87
5164
1624
1158
6264
2905
1136
2606
9049
9963
2671
9717
8965
735
9840
7558
1367
1202
9853
9694
5078
2787
4879
3011
1485
7962
2416
6394
2938
6558
5268
2131
5744
9575
9493
58
7327
4397
424
1475
1672
4689
9054
6635
4081
9773
5106
5506
7222
4690
4182
5024
7426
5935
9654
949
8545
8011
8026
2001
3291
8444
1569
1603
5096
2494
8318
9892
6323
4873
20
3068
6773
6471
1092
9276
323
2060
8887
4270
9861
8550
5028
7149
6356
6030
7366
4797
2029
2613
3895
6809
7305
8227
75
1915
2128
5258
4660
1816
3320
8917
2625
5453
2603
2477
7600
6973
6340
4819
1850
649
2832
7065
5832
1405
6835
8870
2400
9096
2450
6640
8193
6747
1205
144
3592
9012
3883
9848
6935
7327
9021
2171
2762
9301
3724
1272
1255
8271
5154
7881
1575
6222
8381
4149
4081
4614
4932
5714
8617
9542
2008
1208
7623
6332
6149
177
2995
4267
6111
3407
4130
6022
8642
2227
3557
117
8877
2667
9073
8624
9126
5318
4506
8041
9462
5029
1783
1253
388
1878
8011
358
2692
7372
2822
1746
4265
8431
7880
441
4214
8873
3218
9305
8856
9906
6693
1536
7175
4922
8996
1672
4321
1352
5739
8500
41
8094
4003
674
2678
9327
8719
3155
2120
4386
8090
955
8103
7201
7005
2451
195
1927
3494
6094
7648
4374
6324
1487
8207
3761
3766
5251
5553
7140
7960
4056
9702
866
502
7273
6105
5034
587
2198
2027
711
2563
5909
7535
4031
3557
7415
4906
6711
7528
3918
8315
3376
9325
1510
471
6603
6656
5742
2919
258
879
7299
304
9298
2769
5387
5296
5400
8449
72
7636
7496
946
1262
1095
3078
6032
4738
5805
2594
7951
4162
9484
990
2668
6339
8964
6015
2978
1389
4258
8718
7153
1048
4251
9621
8908
8712
8652
9634
4042
9248
5504
3744
4123
5676
5832
2526
7616
9153
8919
8648
9280
1629
7748
8415
7630
7655
5864
8373
4961
5468
691
5610
5153
3699
6919
7187
9746
5532
9533
7095
6686
7731
9596
5509
9333
5482
2689
7147
3261
6972
7401
3911
5080
6664
9988
7524
7984
4438
9276
5921
3484
5341
2329
1941
850
5526
1271
1018
5882
1563
9142
5674
8378
1666
7409
1034
3368
352
3489
5331
7912
7936
8467
6940
6986
1092
9341
5865
5577
3810
5641
9863
1092
8686
8057
8511
6495
4146
2871
8522
6535
2355
6575
4149
2405
9884
4336
9355
6930
303
4020
9165
6125
4980
1175
5906
2736
9305
8245
7595
2478
6895
9655
2114
3949
5615
3419
1827
2166
932
6100
5916
3017
6463
48
2414
6351
4408
2813
1166
9357
5232
3981
3175
4399
1732
4155
8986
3984
6909
8294
2710
8950
5693
5747
4905
5595
4308
4150
6879
2498
8688
4432
8812
6073
4442
8473
3587
1801
9195
4966
553
1907
1035
3022
3506
8567
17
6782
2198
1535
7111
7690
1685
9059
6024
1816
9058
191
3026
4638
6629
8389
1345
320
603
3673
1276
3131
8743
5269
7965
8468
2096
3495
903
487
3115
8159
3521
9293
3793
7192
4654
745
4169
8938
5163
9785
1191
4919
3564
6800
1523
5472
5413
4407
5748
1607
8860
2338
2959
4246
7669
621
6250
8668
5306
4407
61
1568
1458
6840
337
3033
173
2387
1021
4780
5562
6836
5338
7129
1079
4375
3049
7547
6635
8588
370
2939
1364
8314
1376
4465
8941
7243
6916
5940
7149
4210
4394
9772
6807
9329
7770
2044
9420
484
377
4569
4317
5026
3521
8036
5856
1876
6823
6291
3144
2565
5077
1342
2216
2294
6590
8618
3216
1883
9389
1530
7189
6338
2399
5116
3545
6279
3072
8264
9248
9996
5490
3198
4996
6349
4963
3764
2543
6310
4466
8511
9053
5334
3520
9052
8209
7656
236
9966
6316
2973
3153
5547
3053
4660
997
1219
2059
1126
6730
956
52
270
2930
6589
535
5100
4759
847
9719
5129
762
5498
9830
8587
9004
1365
9423
3390
4867
3722
5043
9245
8720
3580
1680
2215
5785
7449
2034
5799
3157
371
2293
930
3561
5017
7409
9917
6451
666
626
6448
1192
8860
749
2382
7324
9413
2068
1340
5301
9088
5984
2007
6160
3901
6942
1925
7212
6621
1935
1089
2988
3295
8487
8316
785
8031
4544
7308
5124
3593
8957
4414
6903
6355
4462
4878
5015
4754
2907
9098
4440
3314
6829
4082
9245
3235
6452
9211
1891
4646
3308
8847
5411
264
1357
3694
2569
9661
3008
2264
6507
487
2663
3177
1577
2619
4321
107
7554
9627
1371
2443
2274
1149
1480
4616
9205
1306
7281
912
481
8103
4844
5247
6056
5143
6362
911
2334
467
5173
4526
6590
4975
7556
7584
8377
6740
7825
6634
5568
5297
6390
3922
3551
5740
6589
8391
4606
1802
8713
9274
9185
5909
2332
4285
7060
52
4654
8508
6266
9874
5679
1440
5153
5171
5756
2999
5140
9981
6382
597
2072
5057
7760
9471
4954
6017
6143
2078
7661
2685
4991
1753
3005
7834
7297
256
542
5312
395
196
518
110
4532
6462
320
8274
2374
6573
5397
4575
461
9115
8219
7393
3815
4278
6198
1840
1136
6571
4084
7663
1417
5289
6347
8699
5209
5733
9004
3157
5839
4516
2230
4080
4648
3176
1777
8838
4926
308
7132
7929
3642
4349
4830
658
2042
6165
5380
879
9380
3622
5130
6446
8298
654
9051
2585
9267
3759
4968
8554
5035
6562
7783
3277
8312
2362
5014
9926
8343
6587
8960
8926
2635
8504
5596
8972
2343
9813
6668
6950
6231
2279
16
3555
8823
4441
287
1641
5270
1873
3791
116
532
4696
9121
3863
8152
346
9472
3692
9034
240
4540
2845
6190
1564
6570
8569
8990
6914
2244
6400
2786
1140
1593
3269
4771
1608
5267
8650
9987
6690
1545
8127
4465
8244
8307
8542
9100
9888
1972
1181
5617
983
3904
3063
9412
8389
9987
5358
4721
3495
6582
7520
3424
6245
9252
5781
8754
7269
2433
8868
4840
9743
1341
9491
7968
2286
1222
3452
643
9693
1882
1042
8142
6073
8277
6145
7535
9627
4878
4004
9862
5767
4986
8529
1377
5847
1908
9994
8535
6947
860
5115
4108
4432
9449
4547
5468
9243
587
9818
625
3869
8982
2722
310
9665
4978
3183
1929
2996
2019
5072
5675
3715
1294
1245
9916
3934
5044
5951
2620
9734
2297
3723
4771
9502
7206
2882
1485
1232
9642
4822
9840
2087
8320
5912
7572
8131
7892
6620
9754
7862
7249
4699
9571
8969
6169
145
4739
6443
3672
8131
4188
428
5037
69
8788
9395
5385
522
8132
7627
457
7214
6611
5465
3007
7122
7686
6338
5946
1752
9580
2875
3372
9222
2968
6752
1399
7633
7777
9395
8778
7828
4791
8308
1385
722
5932
103
2762
8201
3043
8652
4992
1646
8970
36
5088
5689
8711
9878
1893
6861
8497
4721
353
9682
3155
3688
31
2617
1144
1814
7592
6955
8974
5908
1648
4662
5394
7147
824
4170
5837
3
4466
4580
1082
5377
8535
7411
536
4025
3284
4370
4176
2603
9421
9692
7752
1765
3592
3685
921
5301
9999
5106
1832
4417
9130
6378
7947
6420
5830
7574
7674
6083
2549
7841
1446
8736
7712
9195
9115
1287
7987
7964
8933
6999
728
4778
5831
6088
2488
3516
7906
5240
9801
7547
3818
4896
8993
1193
7378
4536
5439
1071
931
5357
7359
9570
3245
7479
553
7666
1061
5702
3981
227
834
8332
654
6658
9023
8783
9302
8914
7203
2331
16
125
1084
5576
7607
4052
1474
4144
6923
9317
8795
1149
2043
8072
1230
1216
9881
4037
7780
2560
3697
8333
1037
8898
4835
6902
1334
5598
9973
7884
4198
9473
3028
6692
4717
3935
2097
8960
8024
7676
1473
367
4997
6649
4154
5151
4915
9143
1026
6614
7377
109
2127
9755
5009
5209
1854
1805
2158
1329
6338
8659
948
2094
6374
1364
9111
2209
3497
5555
4065
1366
2240
3456
8695
2764
8871
258
4141
1752
4904
8555
3944
3034
9988
2851
8409
7278
3712
363
8515
9529
2318
4135
6381
1732
4951
3792
2980
4518
3306
4225
699
8718
1628
7602
2162
4362
505
5702
3037
5662
3741
2682
5695
6332
5913
7975
5764
5714
2229
7148
994
6788
3563
3059
9492
4139
940
7693
6325
7991
8345
9962
6908
9002
7022
8174
2555
5683
8349
3186
1092
5478
5429
6299
5240
2534
5834
2469
2786
9934
2227
364
6808
7630
4469
5554
2683
1153
4911
303
8987
3359
96
5268
8966
8863
2645
9526
1733
7311
5573
9313
4722
6622
2088
8896
6029
9332
1341
2426
3591
4197
3800
4293
2924
5064
3338
4317
6509
743
6231
5081
2547
7454
245
1265
5151
4767
1948
2449
3899
4404
4040
7161
3852
5758
947
858
452
9479
8966
8914
6803
5311
6621
2186
3616
7502
5985
8061
7740
5085
4638
5858
1647
1510
8558
9974
1314
5926
1896
1909
7547
8057
1087
7850
8990
9534
6264
9802
2507
1653
2107
4642
9721
1269
4411
6703
2843
2917
5404
8558
7255
3636
6377
5302
9260
8706
5955
1125
4923
6467
8347
6961
5235
598
9632
321
6996
914
4638
4279
3715
6195
1230
7167
6129
2641
2463
9719
5815
444
2472
5670
3320
9991
3091
6912
6612
1758
3576
8527
6792
3899
2258
946
9824
5013
766
5289
7340
1742
6608
5572
4111
6566
7264
5212
5819
1211
6402
7090
7450
3400
117
3889
5279
1162
9504
1346
4389
7085
8633
9416
9703
3092
6971
3852
4801
7805
6484
5319
8126
8148
6911
1119
4389
5155
7470
7281
4616
9797
6650
6451
7945
3988
5865
1631
2068
4292
2224
8912
2856
2203
1516
3358
4205
3964
2669
9213
6886
5483
6502
3825
1535
5352
8929
217
7873
577
5569
7620
3512
8235
5660
2064
2071
1499
7860
6203
4288
5799
5808
594
5337
3918
2831
5690
3394
9419
7671
8928
3244
7568
6284
9609
2193
7393
1463
6071
5723
2484
6427
9739
9305
2135
6158
7446
826
5375
3493
8927
608
3218
9954
5223
104
7606
9617
7379
3295
1685
621
7866
967
1729
1741
2498
4964
9427
8121
9654
8818
5779
5011
7773
693
6776
6342
6634
6828
5437
425
4868
6143
527
3897
1014
1387
3622
5675
5741
3802
4211
7371
5379
659
9094
7810
8169
4087
6027
6440
384
3936
755
9897
9654
5859
7965
5576
7964
9462
6464
5483
7462
5661
1946
6724
2177
9864
7436
7388
5236
3131
2477
3506
4456
2805
9546
8955
7758
1220
963
2712
5462
7119
1566
5292
1796
8685
1701
5460
8581
1605
6775
2281
7750
3524
299
3834
5130
9119
601
1582
714
1756
5615
7382
9933
4561
7255
381
2986
7431
1927
791
5534
835
3282
7024
9243
6453
1864
8740
8314
4036
4833
1449
3762
3192
5417
1910
884
9984
1173
2541
3907
6184
9596
5073
8519
1420
7205
6986
9721
9924
8372
2935
7405
4082
943
8144
16
9840
3065
486
6913
6162
9344
4838
843
301
2877
5344
5427
4022
5554
2646
7621
9056
5411
1654
7876
4048
9875
2985
9744
7959
7397
5136
3602
8945
5618
3742
155
7578
8843
8638
2759
6515
7892
774
8953
3731
7011
6941
2057
143
300
1092
6333
3830
6727
1228
6510
7907
8492
891
6688
5588
5915
7646
4809
94
5117
1685
1886
3400
1865
4219
1769
7476
1715
6931
7759
236
2677
70
9106
8278
7407
2052
6074
1037
3615
8548
1070
2229
1781
3777
4937
7839
6686
2078
157
8080
2729
7852
1486
5558
546
1420
5672
8193
3199
6423
1348
7064
7063
7755
9623
1943
1750
923
2810
4380
432
8866
2929
1258
5104
6902
7444
9478
1649
6361
6214
9816
95
5693
6010
7559
2420
6853
4177
651
5344
7774
1741
2896
9226
2655
5870
5257
1418
7351
1179
4231
1933
5144
1107
9600
7621
5257
3342
5109
3358
4700
670
6519
1282
8192
4485
9892
6533
2346
4392
8166
9694
7599
4705
3599
6512
2944
9512
4119
1769
1094
2238
6719
366
7724
8139
4024
2564
3080
1317
9781
1060
9045
6796
7252
988
4671
1111
873
7324
5311
1499
2296
4162
8753
5932
8399
8133
4865
7137
7587
8228
6242
6305
6557
1817
1378
8122
3595
380
7209
2760
7199
5947
826
7360
3110
4449
3155
8193
3235
193
585
6171
2172
892
8014
8442
6678
4118
671
3545
6081
6974
9356
7982
3872
7264
1067
1865
6270
1824
308
4936
2171
2643
5270
5641
3822
9400
748
9502
351
2214
7172
6395
655
9271
5581
4598
2538
2421
4811
6197
6109
5937
639
8363
8441
6560
6721
7391
7999
6572
14
8610
1162
2450
735
9563
1332
1313
2734
4937
7110
318
9121
1821
8183
5322
4592
3523
9486
897
9696
4774
7583
6360
2763
2575
600
789
4094
215
8864
5975
8478
6254
2341
7074
54
285
1054
9605
9113
1445
498
5175
8141
8310
6093
8817
8798
5779
7062
4287
1855
8223
3991
3599
78
4521
9546
2804
5118
6283
3803
3967
9967
9971
6402
8857
2714
7123
5352
6130
1514
5179
2680
4634
5599
8707
1296
3684
768
1878
3405
6557
1841
5333
3565
2138
7050
3279
4590
5135
7008
9972
2463
4225
9873
2090
1041
8831
640
8455
5780
5640
6968
8905
6949
4958
6265
1143
2529
8730
388
8548
6096
8820
7701
9631
1223
7261
4994
8783
3854
3414
7699
6891
6808
3897
6541
4964
449
6022
554
5797
6459
1696
4159
2222
928
4265
6181
2026
2199
74
165
1501
461
8386
6953
7308
7268
9865
6962
6007
1684
3999
5281
7999
8932
7812
1894
3445
8976
7740
1039
7074
8876
3534
6582
9118
6297
615
3859
4444
3464
1806
320
8038
3547
4960
4186
5214
7939
1090
7254
2664
1931
1874
8518
6447
5035
282
6913
5490
2979
54
6157
6690
3587
4653
1285
4681
5287
5958
7691
8071
1841
8348
3847
4573
1391
3229
6680
8219
9543
6918
2755
2755
6268
9070
6108
6815
2710
8448
3888
3340
6313
8223
6945
7442
9662
7104
7693
1226
4190
6319
6187
5049
2615
7150
3452
1912
1892
3
4078
2469
1285
1027
4721
466
8887
705
9632
1244
3956
7986
7693
2340
8709
9412
482
8212
2117
4898
9409
9896
8380
4175
1761
9980
1704
7817
9529
2275
5218
333
4975
7933
9588
6577
4980
8900
8883
2622
5798
5870
6180
4517
7512
1336
4693
3216
8977
8708
1762
2554
7116
1706
2786
3890
6838
3809
9156
2650
5788
6177
6143
9777
5486
7431
39
4625
5749
3341
5860
1894
6052
9419
510
5289
1824
7045
7469
4007
6944
5290
5195
5923
3942
866
184
7781
1431
7053
846
8306
1722
3697
9684
8290
2647
4937
6633
2034
3362
9342
569
9448
4925
1589
748
9231
9599
2664
9112
4211
8386
7517
5638
2406
1937
729
716
5232
9286
102
7561
7860
6919
9283
6075
774
7122
6129
3343
4419
6120
4853
8249
7689
5286
4097
8565
5121
7422
4615
6293
985
3659
2618
6491
772
1513
7277
300
2427
6087
4440
8039
7148
6462
7778
6872
4499
3922
5625
1467
1775
2377
2921
4927
4431
2275
3104
5669
2369
3315
9874
1235
8053
1595
7011
3153
8799
6236
1541
1840
3567
9890
9357
3636
5685
7070
315
6238
2693
5584
5381
6628
1714
8001
7414
6915
244
4149
626
6382
6742
4405
1434
5039
1969
3959
1503
2810
10
5837
6407
9010
6943
443
3257
3781
1364
9095
8259
1265
6568
4949
2942
8913
2801
918
6683
106
1597
2367
1000
8836
2388
3396
2755
482
4101
6186
4111
9316
5053
1914
7611
2835
7170
7083
1522
5153
8147
4005
5453
8982
6115
909
7696
7967
3913
837
2308
5631
7937
9609
4752
9695
4610
446
5112
2940
1221
6266
5486
9223
4290
841
1776
7169
1263
2348
1070
1137
3866
8220
3243
7737
4657
4820
1720
3824
1040
5498
1104
7975
5629
6521
3842
4314
6294
3350
6018
792
3398
6748
2469
1305
2915
1457
1223
650
4554
7824
4630
7089
5189
7193
2221
505
3179
6731
1796
4282
2767
7928
6913
7306
4745
3230
7993
8902
8753
3640
8437
5013
6828
6983
3230
7228
7295
3637
3249
7542
5195
3637
4881
8538
8518
4250
5691
6744
1582
2778
4945
5920
3202
714
9883
3739
9068
6426
5052
4415
2040
6237
1601
8260
7130
6395
4213
8909
7007
1132
6667
2978
9000
6498
7222
4635
3321
7593
3570
3091
788
8213
1463
3747
4079
1290
2362
8494
8933
9125
3440
5588
6524
7680
6847
2569
6501
4826
7592
9077
2263
540
1240
7582
7636
9243
1905
3513
5043
989
5863
439
4367
2118
4631
6077
9066
69
5957
2738
4111
2829
9718
8036
4438
7909
2397
8695
1338
240
8439
6441
2866
7716
7536
8083
8207
4249
7964
1318
1542
7357
6075
1444
6834
4576
1603
9620
5160
5849
7878
5403
1121
6033
1410
7339
599
4801
6332
5660
7964
837
316
7236
4128
2411
1268
8389
5636
5668
5434
4175
3283
2894
7351
1817
396
5023
5716
4548
8870
3558
7348
9269
9005
1478
3850
4598
8350
168
3249
284
6161
9284
7414
5549
88
2986
2795
7647
7516
7656
7271
7541
6034
1993
1151
4638
6275
9903
8393
8690
6905
350
6060
9691
5861
2899
4964
7152
2597
4337
6453
1224
3963
5593
2969
5840
1589
1461
535
4610
4905
8798
6399
7425
7832
6375
7141
4790
1330
6747
9307
2790
2147
1376
3954
512
5908
4188
7734
5762
6977
1624
5986
2952
3431
1528
5863
6333
1669
726
4867
2639
4026
3041
4045
4249
3707
6612
6625
3245
9738
5967
2460
5394
7298
5504
1687
2109
8914
4902
5852
3786
7627
4376
1628
5811
8194
1597
846
938
3716
1065
3276
9443
4412
6835
3197
9649
4163
6257
4028
962
5311
3331
2621
1969
653
3866
2616
6638
6484
9248
1807
1245
7920
6909
1212
3409
6204
3478
7454
4121
9528
940
1245
6949
9030
2769
8601
9597
8762
3126
9827
9985
8803
9070
8746
3141
5858
439
955
5412
2783
6672
4485
376
5036
9020
7596
1861
4772
9189
5202
1155
1224
4425
213
5329
6105
5745
4547
8868
878
2111
4717
8904
6416
6581
9856
2921
4323
6028
6282
8705
3715
8015
9720
4993
7017
2563
449
6368
813
8375
5890
3456
4630
3979
3872
4060
4503
6162
4943
8158
9622
960
6784
4990
6978
1004
1556
9224
9517
8978
2653
887
8443
4350
344
832
3738
1837
3501
5972
6536
2321
9021
3988
1779
2523
2611
8162
3977
4049
4350
4652
1887
8104
6192
1725
813
2572
838
5449
3921
3510
5116
9550
6714
8209
266
1790
8355
9627
3978
4058
5606
595
6427
7253
3300
7125
6292
1465
6326
778
4474
8385
4199
285
2938
3572
1031
4090
462
1684
1533
3207
3447
9967
8006
5929
2238
7156
7425
4989
8063
9129
559
6332
557
7257
6246
9900
4103
4027
4061
6409
9513
4728
9449
4874
2618
7141
1185
2668
6349
5400
9360
7393
2779
4053
1741
9207
2302
7386
6241
5077
7452
8739
3797
981
1426
2651
1817
8431
3820
9707
9984
4113
1159
4181
776
1443
1044
692
2753
6598
1399
763
1314
2135
3016
8885
4070
2527
4755
301
5443
1899
372
4694
410
7684
1460
4097
7443
237
1300
3696
6379
4464
349
2017
8724
3332
7413
9503
6334
734
9150
8429
9477
8327
3584
9750
7807
2964
2723
6401
7081
9946
5263
916
4573
4133
1080
390
1425
431
8320
8109
9840
6744
3936
6831
2991
9475
5272
1111
8995
671
6527
3972
2549
6549
5368
2161
5265
4772
4570
3532
7202
4002
3682
5743
8783
3544
7445
2552
4013
5014
7478
3823
2567
5441
2348
3613
1603
991
2024
6987
3239
8612
6937
7865
70
8430
3244
8967
2152
606
7435
2744
5810
3645
9528
5811
406
4533
1341
9362
7385
1600
7587
922
8778
585
6337
5786
9427
5915
2560
5150
1563
3274
4532
4098
659
7964
1616
1713
7473
4859
2427
7242
7519
5783
3829
5442
1567
6538
2978
6098
477
7287
2401
7489
4940
7461
7885
4373
4135
1315
8786
7578
6366
9384
9404
850
783
8303
3146
5477
4554
5216
8527
1972
2240
2874
9510
2875
5283
2531
689
3121
4787
4025
911
7009
8277
5983
9696
871
4637
5692
7499
5961
9625
3332
9697
8216
8037
4778
8406
6395
3831
3732
8658
9436
8145
2832
154
8841
2336
9885
629
4028
1388
5316
4138
939
8585
1025
1441
9341
655
4512
9418
8070
6341
1550
3071
660
9201
6053
299
9501
430
4477
2374
920
5679
9892
9808
1470
9641
7021
3599
5718
8385
4075
2416
2557
8843
260
5143
9618
9517
1301
3407
9245
3568
3474
1412
6498
9646
6757
1486
5062
7251
2353
2797
7093
739
1903
2043
4041
3542
9204
6560
1189
9017
3970
7083
161
7539
9857
4683
1807
5664
7668
1841
6653
8982
6740
8058
1557
1689
9839
2409
7832
1193
9492
9681
858
9921
2234
565
9077
3067
1716
3354
9004
4454
1361
2672
1032
4542
8197
2848
1351
6299
2584
4332
7073
8192
9537
8784
8846
119
1978
7015
3223
5455
2829
5134
5351
4435
7112
143
4779
5975
9004
1183
5991
386
216
331
3164
6598
4773
1985
1769
5582
1079
5777
1130
3175
4700
5291
2404
6681
8709
9122
6960
8141
8228
7547
7903
8154
5427
2783
9869
6342
7033
6303
9267
915
1282
6495
8269
7391
7694
1141
5808
7053
3273
8499
2635
1030
2030
1447
9241
5396
1036
5922
5825
9538
7318
8200
8084
5937
3951
526
3966
747
8958
1243
5679
5227
572
8052
9446
3041
555
6293
4276
3009
2845
9299
2798
3862
1790
8808
7048
8415
7007
8964
8730
6772
3035
301
133
8733
343
3500
6864
1774
9244
5462
8478
8901
6858
8002
3732
2683
5794
7061
9605
2123
6310
3196
2194
9495
7502
8121
6836
2717
7431
7592
3115
8720
6780
1207
4713
3136
7849
1945
2325
5362
8523
2290
7227
5909
2646
5007
6216
804
9031
690
2362
4007
4417
9970
8620
7546
6754
4268
5572
505
744
8212
5851
8298
3799
9183
9299
9302
7781
4555
9707
2871
1066
7151
8560
3679
2075
1300
9545
9416
383
7836
8811
3099
1688
9005
5372
1580
7635
4548
1099
4115
6240
6589
2127
773
669
5987
3149
4404
9498
5544
7454
671
4579
7891
4980
9350
1791
5047
1822
9831
1501
6635
8257
2084
9148
2167
9068
2398
8437
2047
5462
2542
8563
7548
8843
1588
7846
2404
5064
3360
8695
6965
9716
206
2107
4308
8680
1750
7668
6830
2556
9582
9095
144
8288
7297
468
3399
1065
2716
3494
184
3694
7710
548
5562
8586
4400
4897
3299
9491
1428
6856
8154
5356
7735
6263
9205
8666
2980
9762
5325
4855
9463
4680
1571
9778
4175
202
4277
3167
312
4430
6025
2070
9220
5230
1219
8671
216
7045
5607
4331
4090
3247
7835
2683
5556
8159
6570
305
9395
8926
8677
989
9383
1305
6554
4557
1011
3925
6268
5855
9915
1733
8501
7583
5162
400
8005
4442
966
7066
6908
7583
875
181
2792
290
316
4483
2341
761
616
9003
8763
8365
3830
7086
7959
2833
7503
1993
9976
296
4132
5398
9574
573
1396
4968
4473
4479
454
5336
4299
1532
5966
2891
5014
470
8558
7696
9643
3198
7412
7019
2211
462
2980
6232
6660
1690
2124
4685
2721
4958
9942
4893
3977
7041
582
5791
3541
5310
8734
2057
8588
7348
1177
3255
2751
8157
9365
4378
5045
31
7634
4187
3226
2923
7101
526
9585
7021
2688
7303
4632
769
8413
8697
5636
8808
5997
9410
5610
2271
7528
1880
1950
6661
6206
730
4791
6189
3219
7200
3506
1775
5190
9678
4266
8272
7668
4649
9567
6033
2074
1908
7317
7192
2652
1569
517
4945
1948
1151
8305
8794
9066
1720
2994
9373
3920
8702
1308
8171
9472
6121
1689
4945
2887
5194
5855
8460
7020
1443
3475
8426
5062
9005
2626
5775
8450
8240
901
2114
4211
4893
5787
3437
4398
5708
4787
20
2924
5975
2609
4503
3781
3202
9975
305
8324
1229
8992
8615
8414
8861
4228
8151
4498
6386
1329
3039
9448
4327
3987
7767
4478
8618
5766
1649
9865
4421
3962
2463
9325
8919
6605
9687
3068
5583
2333
5920
992
4704
3032
8125
5688
4273
7497
181
154
8477
7712
5075
6066
490
4027
4861
4269
6452
6600
2640
3554
6496
4360
7881
1621
3509
1537
4935
444
8400
3801
7970
5075
7729
2995
7667
3828
8868
5890
3598
6409
8607
3021
407
3180
9080
8267
3654
7583
7497
4741
9962
4147
8693
3339
7930
6849
5355
3731
1496
5573
6939
6917
31
7137
1968
6016
2496
2307
6753
8895
3962
5799
6535
1136
6146
6271
5615
9026
8183
7263
654
2780
1883
7096
3676
7875
2772
6214
2296
621
9282
9180
9742
3101
3786
7930
6215
1978
8009
408
1558
4561
7224
804
9390
2029
5571
2128
641
8567
862
4280
3065
7838
2365
9531
8822
2821
7439
1962
1814
2478
8371
8815
451
7211
9296
1736
1182
6441
4730
4752
8240
6351
2932
2083
547
8026
2677
1187
5355
603
3877
5469
4050
2141
2855
2483
5916
3131
6760
6322
999
5726
7312
7180
3758
7576
7193
9271
2213
4590
6083
3549
820
9657
9491
7037
1899
8850
7638
7026
2370
3023
9229
7359
9989
265
9424
3929
1376
4074
1759
7029
8194
4966
6978
3802
9027
4446
3591
774
4477
4325
5068
8366
6885
9813
7694
6900
9831
9480
2918
1736
8641
1999
6082
2116
9970
9069
210
3401
3109
6986
9368
2243
5592
1841
3884
4528
8589
9742
5354
7405
1350
1942
5828
7829
2784
6598
6824
6315
8835
8938
7116
3185
9869
5725
7314
4333
2433
7479
7642
7918
7407
9283
2554
7304
6172
5774
3719
3345
3637
2569
733
1760
7916
8031
2022
3067
4002
4427
4771
7703
7234
6579
7385
7603
2333
2707
2819
7844
9348
3684
6284
6313
2970
2164
4816
3543
8934
8385
181
4109
8539
769
9787
3016
1340
5409
3760
4574
6730
9082
9221
9192
9483
8802
6420
3041
3007
5438
4654
1231
7746
1120
6475
1220
5535
4151
8775
6270
6890
856
3514
370
2748
5081
6509
8028
8439
3074
2927
9761
8864
4828
2278
8926
3227
4842
6421
3395
295
3948
2122
9177
2481
6108
6747
5780
5911
4924
721
4319
4427
2304
1122
918
3723
920
9712
5482
4380
2201
3400
333
4277
5967
4061
5016
8195
1405
9232
2244
9882
7837
6531
427
1047
6368
1543
609
6519
6067
9238
4007
2683
6378
1107
3426
3272
667
7150
5484
9069
771
2250
3508
3362
6697
8679
2946
5109
2710
271
9392
7013
8750
7538
4188
2798
6429
1369
8131
2425
7
9806
3080
7960
2585
8396
9077
8575
7765
5802
5882
7835
5528
1146
4157
4756
8005
8164
9138
652
5140
6551
5085
6997
268
5441
4717
6536
5002
350
2438
1878
2146
5053
154
817
5263
4302
8948
299
9239
2223
6110
3482
5187
8181
210
179
3426
9263
5130
317
9949
7430
6407
1131
8222
9797
7014
2007
8177
456
4420
1917
4915
9392
5137
3949
8885
6575
2454
5965
2668
5896
8844
1611
965
4652
1627
5188
9187
5562
7903
6298
4259
509
2953
4008
9525
3488
4362
7607
7224
6792
9761
2924
2362
7746
7821
7081
8905
2895
5974
8256
4688
7394
3924
5172
2588
8576
9491
2486
48
3026
4005
3254
3263
772
6252
4095
2422
5189
9067
6240
4325
7991
131
883
2989
226
5359
1732
522
3269
8790
8071
4529
60
2678
2280
5826
1588
4994
8037
2183
7697
5064
140
9151
9629
2140
9428
2659
2552
9293
4218
1825
9250
5640
1761
9959
2482
7343
9238
7163
4288
9199
2511
7480
3881
855
3319
234
4663
2189
4998
2274
1008
7101
4137
9657
5104
3720
7083
6342
8024
6423
9898
6310
5708
3672
7778
1650
8845
7683
9239
2714
206
9528
6040
3907
8664
7770
6503
4740
387
2753
5139
2055
1467
7562
8573
1229
1353
9925
6183
5537
1145
9602
3783
2479
4309
2644
6360
130
7475
9900
8245
6625
3208
6068
1323
6107
4651
1914
5398
5555
8282
339
9710
8560
9231
5071
1868
755
3574
1515
1516
4233
1385
9731
8347
6076
7009
2135
411
7842
8793
7080
2845
7445
5257
8411
2157
2805
1405
2259
9620
8236
4539
580
6749
6668
1800
7987
6211
6656
7001
3168
184
6030
628
5380
920
7123
7218
2203
8674
6457
9090
9979
3571
9307
1787
6377
8740
8893
8341
3949
2767
4164
2714
9132
1987
9428
6243
7252
8927
122
1781
4600
8859
4795
380
4490
6796
2216
248
3737
4764
7581
3764
7200
2325
7842
9561
3673
1876
5908
3005
9125
3021
683
1483
3775
4687
3854
999
9062
7749
4117
5101
5181
1421
202
9183
8498
5972
1362
7990
4899
5765
397
2545
8203
8878
8544
6394
730
8
3074
9924
4264
5651
7720
7547
9287
9679
7153
5259
9234
7695
7291
2884
2257
6680
8889
518
165
1126
4892
1867
9622
1598
4836
6446
7370
3592
1403
5590
3763
3114
4837
9862
8
5109
9670
7174
1654
6411
2608
6856
7399
9262
4585
6632
377
3334
4697
5657
2737
3962
7567
8412
5355
5538
1671
6211
1418
1806
8478
8516
6688
4172
2138
3324
7507
4260
3243
5550
8199
4763
5882
4077
9717
1895
2216
9337
4233
4492
7670
7011
2326
7558
8023
2050
5522
1318
800
4046
9441
3941
8333
4560
9252
7992
1753
1292
1500
2638
1583
7354
1797
9968
6809
8042
354
8772
7796
9642
6671
8361
5312
8000
1609
3905
6986
4751
5407
4993
2209
4200
9473
3604
5991
2882
4856
5534
6205
8126
2990
8748
1773
7819
8359
7983
8947
4856
7292
5286
78
4048
994
596
3682
1846
6740
607
6076
1808
9085
2948
3562
6333
2925
5572
9242
2631
4093
7673
1243
3793
2409
3471
7016
1836
7886
8355
1448
9333
3746
419
3317
2132
921
8106
8585
552
4528
1714
6464
817
9780
7257
1010
4045
5035
2869
991
5461
5315
2875
6487
2989
6042
110
7964
8792
7214
3377
9772
7980
5998
229
202
2394
5921
8725
4530
717
7045
367
2291
6772
7587
6118
2912
379
8964
3714
598
7021
5154
3308
7879
6765
8196
7693
6635
4974
4746
3671
9222
8302
1584
571
4134
2199
2627
7586
9581
7452
1762
5565
6600
381
7971
2205
3107
7979
3808
4395
8623
7638
5001
5870
1713
1561
2956
9850
3716
3765
6878
6877
9981
7880
235
9259
3246
9926
6859
4094
1101
4558
2792
6516
6774
4564
7634
8175
2901
9388
9415
5690
8458
9828
7435
78
7311
3888
2185
3260
9475
4992
4316
5947
5979
4508
2495
3293
3770
4882
4911
6694
1108
5465
3474
1680
5589
2103
4888
2198
8896
9333
8806
2620
4528
9744
9685
6689
6541
3513
2622
5348
6468
5764
1110
8452
7928
6111
7444
6026
4066
6263
3852
5573
4616
2014
6334
9561
5006
4627
8912
1705
5338
9815
2127
5084
3145
8613
1228
2108
1455
8043
9209
3147
6425
999
974
7583
6514
133
9161
9907
662
8859
592
5245
196
6093
3377
9463
3422
6417
3013
837
5983
4030
5050
3922
4173
8116
4227
5117
5612
7586
1194
1392
6787
8046
9491
3091
3927
4290
5394
6071
4947
7250
7808
5132
6720
8602
3749
877
1982
6394
6269
851
3654
3075
8716
1594
598
7336
1794
9381
8789
8744
4452
6535
5651
6266
8297
7142
8719
3636
3453
4171
9231
6733
9202
9970
205
1788
662
7516
7022
1248
8592
2654
2465
2009
4111
6120
480
4159
6420
1447
4848
7080
6095
8415
3212
6505
3613
3731
80
5309
9321
144
6101
6480
4789
2956
492
8389
7264
6329
3089
9909
4253
1213
1934
1353
4314
9157
4168
6148
6809
8187
1925
1014
5795
3595
3698
7628
5691
8821
681
6438
3492
2634
3984
7780
8608
9282
1762
3090
2854
5889
2648
9680
8755
5825
2730
4773
1692
480
7623
620
8546
813
526
2107
7805
3256
4873
4534
1535
3542
7876
6557
8
5771
4434
9829
215
3437
8658
7104
131
3436
2710
36
6823
6954
6409
3791
6133
268
3602
1542
507
5670
270
2022
2369
7456
8546
52
9099
9125
868
1606
7992
5351
863
9532
1741
2135
9896
6141
6447
9213
739
3317
3247
7904
6787
4437
2965
6238
4195
3532
5681
6363
1879
623
5160
1337
4471
9906
3688
9138
1985
1925
3293
3453
84
2514
3433
4752
155
3032
8771
9958
9059
2618
7423
3581
5285
1502
4001
8052
6547
9018
327
4231
2057
6003
9280
8199
9927
9482
4753
7129
1847
7087
4119
7541
548
3972
6911
7245
4698
622
7894
2346
2782
7056
253
9326
8438
6810
9355
8667
4625
1930
3863
1734
7797
1978
6352
9796
4851
3084
3380
5235
5472
3155
4201
5352
730
6502
5312
9890
2287
3007
4771
1345
6739
7902
1572
7423
7849
868
8141
9799
7315
5107
1849
5787
9392
6437
4864
4044
7905
7136
9600
8778
3854
5183
4701
8999
9533
416
5340
8008
9236
4372
4520
1693
1192
9002
9423
9934
3818
163
7842
3312
8395
7931
3368
8170
3388
6651
2932
9395
2266
4315
9311
4413
9641
2139
6735
7529
9431
6787
8350
9108
172
417
9394
6946
2874
2737
2474
7119
9842
1447
492
9825
3354
4494
6240
6461
2650
8595
3546
6121
7664
6295
5841
1104
7215
2906
7964
4961
6880
5662
4356
8833
9435
2632
9980
568
9557
279
5329
106
2443
171
110
5908
8580
1992
5577
4124
4296
7422
8429
6341
4752
652
4214
473
4788
4637
2969
2597
2885
5915
1390
6998
2859
1997
49
9839
3621
3203
6495
5968
1782
56
4865
5885
1642
9664
7556
3219
3147
9341
8623
3621
462
7394
1647
7318
380
5917
2368
8402
9745
4504
7289
7681
9110
3454
4383
1313
1232
6232
767
2821
785
3151
1565
5843
5518
611
2302
509
388
6739
5246
3405
4101
4911
3408
7415
832
2288
1550
9574
4802
3137
2598
7322
393
293
833
668
1100
5520
5890
6303
2456
1045
5890
9157
1770
1995
1485
6684
5163
6800
7509
1445
7620
7697
6988
746
7873
4418
7634
4852
3017
9084
2211
8453
1136
4063
6861
4608
6694
3879
3096
6087
9871
213
4447
7367
6148
2377
275
8993
9787
5514
5641
6211
8186
4498
8476
2002
9368
8707
2324
4173
5472
2895
6561
7198
7056
5989
877
3502
3853
9973
5067
8454
2282
1183
473
9354
7306
9016
6100
4898
5743
3039
5813
893
5443
8244
1986
6525
9130
8385
3544
7070
6715
8107
6292
9061
6444
735
6999
4471
7107
4966
3595
542
4394
2861
5544
7005
3217
1214
9173
4894
4935
7607
7326
3052
8980
7483
9207
8268
4585
197
8228
4183
9088
3179
4895
1650
8150
4841
7768
6810
5076
4192
7780
3252
2846
5973
6512
1772
1253
4715
321
3766
9590
1364
4444
1776
3664
4837
1438
5267
7742
7419
9663
9070
1669
1170
6915
1445
9146
4355
9776
4691
7223
8391
4071
5834
4268
4782
7436
3477
9078
8976
5834
9923
5320
6259
5752
2480
4092
5387
7552
8225
1360
6305
4947
2645
5684
3229
8870
1747
8776
5537
6679
5359
7035
9449
5765
204
7888
5322
9330
588
1361
756
708
4764
9659
9287
6573
1806
7989
5764
6048
2372
7404
1518
2276
6835
2958
6670
3656
432
3665
2679
948
1452
4474
6716
684
1109
290
5070
1752
4821
2528
2142
977
6947
1679
4610
496
7075
3988
2134
360
3489
3800
4997
8843
355
4505
1092
2906
3113
1402
4254
3007
3556
1672
1567
3562
8696
8886
6984
9602
1960
9545
4404
8118
4603
7592
1862
2369
1589
2000
8330
914
8810
380
5388
9647
7881
4804
1677
8608
2962
3302
6681
1198
2141
7920
8297
8187
3761
726
8715
4368
7522
9717
456
6290
2456
7428
7671
8334
4991
7489
3956
7792
1519
7300
3505
5831
5075
6738
6868
7985
107
2271
8570
2288
6561
2639
6427
2685
639
4742
3525
66
3370
6920
7380
7889
7392
352
9116
3075
56
3074
9467
4378
3330
4238
6841
8168
9603
4296
9556
8649
1417
1833
440
4398
9266
8137
9338
7702
7542
4600
4290
5210
2342
7041
8082
6702
3690
487
4145
3591
6609
8202
2813
5277
5380
1543
7954
5348
4839
8091
4729
7017
379
9762
9141
3633
9671
5120
6413
2492
7701
4991
6554
4746
673
2419
7736
450
9842
6703
3344
3370
6074
6162
4628
7311
1927
6356
6645
8406
1717
5991
2213
7568
6286
8124
8277
2052
7975
628
5231
3332
6861
4837
487
75
3161
1257
9369
6678
6647
9175
263
8834
6869
4478
8663
7455
7107
8088
261
1602
7947
8641
625
1637
6170
1595
9649
8845
3393
1827
381
5145
2669
791
815
9629
3486
4439
6332
2293
2640
969
7326
6750
5681
5753
2354
5916
4517
3035
7715
2039
8049
8021
1673
3363
7630
3263
5437
4427
757
2818
234
2815
4092
6570
4084
3304
3088
4739
4465
3777
1351
2738
6064
9683
624
9794
2101
9338
9834
2593
4878
6241
3900
3548
915
4686
8076
2387
858
6653
5194
7270
6150
5686
4304
9990
8128
2675
2530
4436
2675
7378
1689
1882
2417
2916
815
4106
798
724
3619
7960
6258
789
3448
2228
1529
9574
3290
2796
2852
4208
4673
8268
4346
4935
6757
7917
4621
2488
7770
3237
616
1569
3295
124
5283
1052
3110
9837
8990
4728
877
1604
3320
7742
4186
1605
8208
2556
3977
8492
5024
9449
9039
4553
9171
9375
9993
4171
184
530
6814
7775
2689
5229
6612
2890
2809
6031
503
5089
6755
9684
3402
1025
6501
3642
34
8401
6159
2306
9552
4657
1770
4754
1102
6556
5875
8877
376
8011
1065
1428
712
5077
8577
6583
4761
7622
7163
2737
841
9435
739
2904
7309
2399
3282
4868
8748
6740
4462
548
423
4265
5490
1483
9521
6761
7393
7809
4068
1338
8532
9336
9173
9194
4840
5716
6453
1297
7569
1833
4054
2125
7725
3212
5988
5500
7375
244
8058
6285
9792
8672
3827
3778
6158
9791
9512
1427
680
2927
9595
1212
5689
2461
8953
3384
462
3086
5980
536
803
6459
7606
8343
4971
4672
344
2168
7624
4752
8078
4709
1846
2834
5523
3438
305
56
599
5055
8066
212
3323
2166
9746
6982
3175
205
788
7441
4221
9355
4123
7245
7790
7566
6476
8060
4459
7646
8543
8906
6123
7437
1267
6191
4012
2894
8116
9300
9583
3061
270
4625
2347
8021
3630
5471
6020
7658
2764
2907
8316
3179
7260
5914
3504
4220
4504
3010
8540
7046
2706
828
2050
2784
1888
3363
2703
4098
7857
841
5266
7183
6561
348
9802
8238
1461
6790
9441
4837
714
6478
7619
7876
6326
2460
6368
8270
2818
3161
2038
8344
1041
800
8075
3284
5467
5700
376
4276
6321
1581
5263
3850
3938
3421
4927
6930
5462
4165
9975
9948
7086
1014
6218
6092
3612
6179
8064
786
5651
408
879
3677
7645
117
9130
1414
2889
1362
4893
5599
7619
6703
7175
6862
1875
9110
8187
2749
8320
558
8095
4673
4261
4467
8568
1266
5072
8177
4538
4179
8969
4799
8545
3501
2504
3998
851
7769
7798
1535
6228
4996
6983
8343
5020
6704
9229
3198
106
2444
1214
4297
3990
9315
795
4039
8536
5759
4267
6146
1647
4756
1653
8221
7602
5875
3960
368
4939
7877
2521
8784
5404
8506
245
2729
9509
9420
8328
1721
3041
9532
6723
2529
7966
7466
5580
6063
7885
353
9245
1132
1353
6271
8448
5894
4555
1216
5443
3214
6914
4620
9583
8400
6918
5784
1498
9156
1441
9535
8028
3064
5096
9807
6905
7569
8358
5120
4861
820
3925
516
6891
3970
4611
2130
3362
57
6170
3809
4033
2884
154
5057
7611
1354
1324
1795
5933
88
2147
3547
5543
9517
3821
885
4160
7408
4569
4045
5060
1492
8758
6633
7115
1055
9549
5933
4311
7228
1794
5068
8014
4634
6561
5528
1235
9180
1294
753
3446
2578
2271
4860
3580
159
2030
161
4605
5392
7109
5948
5815
1215
5035
3155
3437
6617
6345
6994
8207
327
9214
4622
7868
7284
368
4810
4872
3134
3604
1999
3236
8675
9741
5066
414
8462
2919
4732
7400
1450
6939
6646
6740
6366
643
2721
9161
8569
3716
7369
8330
1184
6009
3654
1492
6950
5897
3466
5783
2601
3584
5460
3367
2971
4481
9820
6351
8072
1467
1302
1338
4087
810
2113
9131
7432
9966
5535
5275
8201
1550
2272
2180
3180
9705
3988
4445
7217
2702
3858
7813
7285
8082
6458
299
701
8093
559
4711
6465
4632
4313
1045
4425
6403
9774
5584
6622
8774
3716
2852
1362
7294
4098
4212
3765
7083
998
2340
3317
6761
6911
7593
5492
5141
2179
3889
5599
7674
6576
9192
441
4168
7302
9940
5763
7139
3277
382
7307
5160
5644
4516
8736
3734
7736
5910
9188
4956
1197
2423
3821
119
3209
9837
3008
9525
8006
6037
450
8279
5595
3108
7421
822
3484
8586
2013
1037
2493
4612
2795
7277
533
9421
6034
6291
5821
7047
2288
9015
9472
8389
1587
758
5024
8262
5997
7621
7670
6373
4736
6854
6793
9239
6995
8558
1145
4009
1149
6568
2255
9418
6424
6058
9839
5685
8010
7541
6293
5871
9307
8902
8337
9125
643
8830
4834
2449
3421
277
4261
593
1821
6974
2314
3146
8263
7513
5102
6507
8047
5231
8992
4540
7326
8960
3644
522
8736
4412
5713
8904
1363
2923
8408
3284
7065
6295
8434
6633
1376
264
3485
5251
2716
3972
5986
8102
7947
6460
5630
4287
4423
5301
3426
7574
6933
4461
5447
7328
3549
7277
4882
4914
2858
7408
4079
3616
6314
8149
3464
7058
6966
3509
9935
8880
7807
2957
531
2477
6945
6098
7119
9798
3465
6523
2757
8033
9635
3395
8777
1547
9393
8637
5988
6417
297
2558
8311
2373
371
7077
6779
3397
920
9116
3454
1217
418
3060
5636
5579
827
5015
1552
9667
7342
8084
2075
7374
5710
8392
9047
1320
531
7369
4709
7426
9118
6083
485
4894
3930
6026
893
9235
9747
2661
4833
257
6738
3476
9278
1200
5033
1224
2269
6338
3580
9113
1591
3814
5795
8575
5129
9075
6292
5150
165
6660
3028
4932
7095
4270
6229
1525
2945
1893
2969
5105
3194
2183
5521
8904
1489
3289
915
1624
3071
4371
8033
2446
8846
4203
7639
6581
1444
509
2126
5353
4519
9078
2425
6378
2842
4178
9260
9189
144
1297
7223
8650
5874
3356
9384
6797
6616
5147
8570
703
2858
2134
6744
7253
6243
115
8069
8206
8175
6065
4768
8294
4166
785
1077
9795
1422
7543
4790
3631
5578
4015
6529
5633
9978
932
9041
315
4877
4432
1529
9829
5095
8146
2235
3867
5133
8392
5646
5951
5163
1980
1786
5787
2137
7515
8224
7863
2514
5472
2504
9472
2660
7357
1005
5352
2213
3963
2824
8859
2970
3761
9880
2614
6496
8068
839
9044
7309
1167
126
3086
3929
587
4171
3123
2035
7005
3183
6301
4236
6740
5387
3680
5694
3383
7499
278
7777
8952
702
2235
5488
5046
6261
8209
7357
5833
1808
7659
7814
2423
5266
3726
213
751
9627
2444
4845
244
5296
1449
1802
2317
6216
3669
4333
8796
1341
1271
8052
3234
9926
8698
2814
7837
5548
6501
104
2265
3795
614
5148
8277
1032
250
9383
3905
4175
5139
5675
9210
6964
8529
4801
6189
4970
7813
4726
3111
3166
4766
8422
1213
6762
318
6638
6145
6384
2810
7839
6767
1516
4417
5944
4310
3892
2552
7621
3313
2346
360
6474
5599
9935
9285
4931
3890
2091
145
3989
2755
7872
6890
7478
9519
2426
7473
382
8199
5849
2347
6425
3384
6636
4384
7572
1856
2847
7237
721
2659
2537
9401
4011
239
9350
9273
2279
7325
4245
1119
5601
3954
9222
2708
7444
3947
938
3829
1992
2599
8622
6323
8145
5131
5159
3188
6274
7179
7214
8136
2326
6296
9882
6724
4328
8267
6883
7700
542
9384
3860
3152
8631
8903
3412
807
724
8459
1192
1524
5810
7393
4032
3069
5160
6433
1124
8778
5310
5371
153
5193
4547
2988
8521
7387
362
4435
7949
7933
3397
9612
569
6904
7902
2865
6131
5114
7101
9150
4595
4173
2141
810
8608
1311
380
5410
3148
1395
8647
3445
1848
6745
9583
8716
8220
3728
1808
3132
9039
6879
4542
6483
2777
239
9043
5564
8658
4705
8713
5024
6933
5347
8478
4408
9191
4283
4447
2116
8842
9373
4153
8166
7360
9177
565
335
383
44
7641
647
1766
4023
8395
8661
4872
3753
3413
3007
9529
8178
7185
7902
552
679
8440
3638
6279
5430
5396
3530
1011
9869
9660
6753
2057
4140
1816
3014
2099
746
882
5817
204
8767
3889
3364
4475
3679
9494
3600
4676
280
6456
7059
6011
703
7103
323
8436
2339
5437
5516
1214
5723
8045
4960
5363
5225
9923
9622
2741
702
1270
1900
7035
9016
9491
34
98
8748
8905
6774
5291
1998
426
4065
7230
7826
8794
5702
120
3860
7305
7851
3014
8816
423
6959
1596
2281
5813
1756
4924
630
4421
3095
9820
7546
1825
4797
7829
1267
4134
8576
2576
8172
3629
6533
848
376
8621
9076
7386
3291
8248
983
4123
6976
8353
7865
8048
9856
779
5339
4852
5756
2004
1276
314
137
9195
1307
2591
571
5634
264
3889
9146
5157
8404
4826
5498
5958
683
6520
5324
422
6353
1453
2060
8921
1783
6476
3296
5625
1053
9113
3198
538
2637
6503
7813
6115
9694
8433
4365
7485
3867
6283
935
8761
7549
9192
2825
4834
9158
9459
2230
4162
6361
7653
4240
9323
352
5000
3191
2177
6173
8782
4696
8053
3457
3516
5593
1657
8257
8152
5101
6085
7091
3596
5771
7281
3077
3930
6992
445
8992
8479
1637
3492
9996
4236
9052
2246
3648
760
1160
2136
4894
9960
732
6214
6866
2500
4781
6150
4831
3510
4740
3219
3602
1430
