3
5
6
7
9
9
13
13
15
17
19
22
23
23
24
24
25
25
27
28
28
28
29
29
29
29
30
30
32
34
35
35
38
39
39
40
40
41
42
42
44
47
52
53
56
56
57
57
59
59
59
59
59
59
60
61
63
63
63
64
66
66
67
67
67
68
68
70
70
71
72
73
75
75
76
77
77
79
80
81
81
81
82
83
83
84
88
88
90
90
91
91
96
96
96
97
98
100
100
101
102
102
105
106
111
111
111
112
114
114
115
115
115
115
117
117
117
118
119
119
120
122
123
123
123
124
124
124
125
126
126
127
128
129
131
131
131
131
132
133
133
133
135
137
138
139
140
140
141
141
142
143
143
145
146
148
148
149
149
149
150
152
153
154
157
158
158
160
162
162
162
163
164
165
165
165
167
168
168
171
171
172
174
174
175
178
179
181
181
183
184
185
185
187
187
188
188
188
188
188
188
189
189
190
192
195
196
197
198
198
198
198
199
199
199
199
200
202
202
205
205
209
209
213
215
215
215
215
220
221
225
225
225
226
227
227
228
228
229
230
231
234
236
236
238
239
241
241
242
243
243
243
243
243
244
245
246
248
248
249
249
249
250
251
252
252
252
252
252
255
256
258
259
259
259
259
260
264
264
264
265
265
266
267
268
269
270
270
273
274
274
275
275
276
276
276
276
276
277
277
278
279
280
281
281
282
283
286
286
286
286
286
287
288
289
290
290
291
293
297
299
301
303
304
304
306
307
308
308
309
311
313
313
314
315
315
317
318
319
320
322
323
328
331
334
334
335
337
337
339
339
340
341
342
343
345
345
347
352
352
353
356
357
357
358
358
360
360
366
369
373
374
375
376
376
376
377
378
379
379
381
382
382
383
383
383
383
383
384
384
385
386
386
386
387
389
393
395
395
396
397
397
398
398
399
399
399
400
401
402
402
405
406
406
410
410
413
415
415
416
418
419
423
423
424
424
424
426
429
429
431
431
432
435
437
439
440
442
442
445
445
446
448
448
448
448
450
450
451
452
454
454
455
456
456
458
458
461
464
465
466
466
467
468
469
470
471
472
472
472
473
473
475
476
477
477
479
481
481
481
482
483
483
483
483
484
486
487
488
490
490
493
493
494
495
495
495
495
496
496
497
498
499
499
500
501
502
503
503
506
506
507
507
508
508
509
510
512
513
514
514
515
515
519
519
520
520
520
521
521
521
522
522
522
523
524
524
525
525
527
527
527
530
535
536
536
537
538
540
540
542
543
544
546
546
548
548
550
551
553
553
558
561
563
564
564
564
564
566
567
568
569
569
570
571
571
572
572
574
575
576
576
576
577
580
580
581
581
582
584
587
590
591
592
593
595
595
595
596
598
598
599
600
600
605
605
606
607
608
608
608
609
609
611
612
613
617
617
617
617
619
620
621
624
625
626
626
627
629
630
632
632
635
637
637
638
638
639
640
640
640
644
644
645
648
648
650
650
651
651
652
652
653
653
654
654
655
655
658
658
660
660
661
661
663
665
666
667
668
670
670
671
674
675
676
679
681
684
685
687
688
689
689
691
692
693
693
694
695
695
696
696
696
697
698
700
701
704
704
705
705
706
707
707
708
710
710
712
713
714
714
714
716
716
716
717
718
718
720
720
723
725
725
726
728
728
729
729
732
732
733
734
734
735
738
738
739
739
740
741
743
748
748
749
750
750
750
751
752
752
754
754
755
756
757
758
759
759
759
759
760
760
761
762
764
766
767
768
769
769
770
772
775
777
778
778
779
779
780
780
782
783
784
786
786
787
789
790
791
792
794
795
795
796
798
798
798
799
800
801
802
802
803
804
807
809
809
811
812
815
815
815
816
816
816
816
819
820
820
821
822
822
822
823
823
823
825
826
828
828
830
830
833
835
835
835
835
835
837
838
838
840
846
846
847
849
849
849
849
850
850
851
852
853
855
856
858
860
860
863
863
864
865
869
871
872
873
873
875
876
876
877
878
879
879
882
883
886
886
887
887
888
889
891
893
893
894
894
895
895
895
897
897
897
897
899
900
903
905
906
906
907
909
910
910
911
912
912
912
915
916
917
917
919
919
922
923
924
925
926
927
928
928
928
929
932
933
935
935
936
939
939
940
940
941
941
943
944
945
946
946
947
948
950
950
951
951
951
952
955
955
955
957
959
960
961
961
962
962
963
965
966
970
970
971
973
974
975
975
975
975
977
979
980
982
982
982
984
985
985
987
987
989
993
993
995
996
997
997
997
997
998
1000
1000
1000
1000
1001
1003
1008
1010
1010
1012
1013
1013
1013
1014
1015
1015
1016
1017
1018
1018
1020
1020
1021
1021
1021
1026
1026
1028
1028
1030
1030
1030
1030
1030
1030
1031
1031
1032
1033
1036
1037
1037
1038
1039
1041
1042
1042
1043
1044
1045
1046
1046
1046
1047
1048
1048
1048
1049
1049
1050
1052
1052
1053
1054
1059
1059
1061
1061
1063
1063
1065
1065
1066
1071
1072
1072
1072
1074
1074
1075
1076
1076
1076
1078
1079
1080
1080
1080
1084
1084
1088
1089
1090
1093
1093
1094
1094
1095
1096
1096
1097
1098
1098
1099
1101
1101
1102
1102
1103
1103
1106
1107
1109
1109
1110
1111
1113
1115
1116
1117
1119
1123
1125
1125
1126
1127
1128
1131
1133
1133
1136
1136
1137
1137
1138
1138
1138
1139
1140
1141
1141
1143
1144
1145
1148
1149
1152
1153
1157
1157
1159
1161
1163
1163
1163
1164
1166
1166
1167
1167
1169
1170
1171
1171
1172
1173
1173
1174
1176
1177
1179
1180
1181
1181
1181
1183
1185
1186
1190
1190
1190
1192
1194
1196
1197
1197
1198
1199
1199
1201
1203
1205
1205
1206
1209
1209
1213
1215
1215
1217
1218
1219
1219
1219
1220
1223
1223
1224
1225
1228
1230
1231
1232
1232
1233
1235
1239
1241
1243
1243
1244
1244
1245
1245
1246
1247
1247
1247
1247
1248
1250
1250
1251
1251
1251
1251
1254
1254
1256
1257
1257
1260
1261
1262
1262
1264
1266
1267
1268
1268
1268
1269
1269
1271
1272
1272
1272
1273
1273
1277
1277
1278
1279
1280
1280
1281
1284
1286
1286
1286
1287
1288
1288
1290
1291
1292
1294
1295
1295
1295
1295
1298
1299
1299
1301
1301
1301
1301
1301
1303
1304
1306
1306
1307
1308
1309
1310
1311
1311
1313
1314
1316
1316
1319
1321
1323
1325
1327
1330
1330
1331
1332
1333
1334
1334
1334
1336
1336
1337
1337
1338
1338
1339
1339
1339
1339
1340
1340
1341
1341
1341
1342
1342
1344
1348
1348
1348
1350
1351
1351
1352
1354
1355
1356
1357
1359
1359
1359
1361
1362
1363
1363
1364
1364
1366
1368
1368
1369
1372
1372
1372
1372
1373
1374
1375
1375
1377
1378
1379
1379
1379
1382
1386
1386
1386
1387
1388
1388
1389
1389
1390
1392
1392
1395
1396
1396
1396
1397
1398
1399
1400
1400
1401
1403
1404
1406
1406
1407
1407
1407
1410
1411
1412
1413
1415
1415
1417
1418
1418
1419
1420
1422
1423
1424
1424
1424
1424
1426
1427
1428
1429
1430
1431
1432
1433
1434
1434
1434
1435
1435
1436
1436
1438
1441
1443
1445
1446
1447
1448
1448
1450
1451
1452
1455
1455
1457
1459
1459
1459
1460
1461
1462
1463
1463
1464
1464
1465
1468
1469
1469
1470
1470
1470
1475
1475
1477
1477
1478
1479
1479
1481
1484
1485
1486
1486
1487
1487
1488
1488
1490
1490
1491
1492
1493
1493
1495
1495
1497
1497
1497
1501
1501
1502
1504
1504
1506
1507
1508
1509
1509
1510
1511
1512
1513
1513
1513
1514
1514
1515
1517
1517
1517
1519
1522
1522
1523
1524
1525
1526
1528
1529
1530
1531
1533
1533
1534
1534
1534
1536
1537
1537
1538
1538
1538
1539
1542
1542
1544
1545
1549
1550
1551
1551
1552
1552
1552
1553
1554
1555
1555
1557
1558
1559
1560
1560
1562
1562
1566
1566
1567
1569
1569
1570
1574
1578
1579
1581
1583
1583
1586
1587
1588
1588
1588
1589
1590
1592
1592
1592
1594
1596
1596
1598
1599
1600
1601
1601
1602
1603
1603
1604
1604
1604
1606
1606
1608
1609
1610
1610
1611
1612
1612
1612
1616
1621
1622
1625
1626
1626
1626
1626
1627
1627
1627
1628
1630
1631
1631
1633
1633
1633
1635
1637
1638
1642
1642
1643
1644
1647
1648
1649
1652
1652
1652
1652
1653
1653
1654
1655
1655
1658
1660
1661
1661
1661
1662
1664
1666
1667
1667
1668
1670
1672
1672
1675
1676
1676
1676
1676
1676
1678
1679
1679
1680
1680
1681
1682
1684
1685
1688
1689
1689
1689
1689
1690
1690
1690
1690
1694
1694
1694
1694
1694
1697
1698
1700
1700
1701
1702
1705
1706
1706
1706
1706
1707
1708
1711
1713
1713
1713
1714
1715
1716
1718
1718
1718
1719
1719
1719
1720
1720
1721
1722
1723
1723
1724
1725
1726
1726
1728
1728
1728
1731
1731
1732
1732
1733
1733
1734
1734
1736
1737
1739
1739
1740
1742
1742
1743
1749
1749
1751
1751
1751
1752
1753
1756
1756
1759
1763
1763
1764
1764
1764
1766
1769
1770
1771
1774
1774
1776
1777
1777
1779
1780
1782
1783
1783
1784
1785
1785
1786
1789
1789
1790
1794
1794
1796
1797
1797
1799
1800
1801
1802
1802
1803
1804
1804
1805
1808
1808
1808
1808
1809
1809
1810
1811
1812
1812
1813
1813
1814
1814
1814
1817
1819
1820
1820
1820
1820
1821
1821
1824
1824
1824
1824
1824
1825
1825
1826
1827
1827
1828
1831
1831
1832
1833
1834
1837
1841
1841
1842
1842
1843
1845
1845
1848
1848
1849
1853
1854
1855
1856
1856
1857
1859
1860
1860
1861
1863
1864
1868
1868
1868
1870
1871
1871
1872
1874
1875
1877
1878
1879
1879
1879
1879
1882
1884
1884
1885
1885
1887
1888
1888
1888
1889
1889
1890
1890
1893
1893
1894
1895
1897
1897
1900
1901
1901
1902
1902
1903
1904
1904
1904
1905
1906
1906
1910
1910
1915
1917
1917
1918
1921
1923
1924
1926
1928
1928
1928
1928
1932
1933
1934
1934
1938
1939
1939
1941
1942
1945
1947
1947
1947
1947
1948
1949
1952
1953
1954
1954
1956
1960
1960
1961
1961
1962
1962
1963
1965
1965
1966
1969
1969
1969
1970
1971
1971
1973
1973
1975
1975
1975
1976
1978
1978
1978
1978
1981
1982
1984
1984
1985
1987
1987
1988
1989
1989
1989
1989
1990
1991
1993
1993
1995
1996
1997
1998
1999
2000
2001
2002
2003
2003
2004
2009
2010
2011
2011
2011
2011
2012
2013
2013
2013
2014
2014
2014
2015
2017
2017
2018
2021
2023
2023
2023
2024
2024
2024
2025
2026
2027
2028
2028
2029
2029
2031
2032
2032
2033
2033
2033
2034
2034
2036
2036
2037
2037
2037
2038
2040
2041
2046
2047
2048
2048
2048
2048
2051
2052
2053
2053
2054
2055
2056
2056
2057
2057
2058
2058
2059
2059
2060
2062
2062
2063
2064
2064
2068
2069
2069
2070
2071
2072
2072
2072
2074
2074
2075
2075
2075
2075
2076
2076
2081
2082
2084
2084
2085
2086
2086
2086
2086
2088
2088
2089
2090
2092
2092
2093
2093
2093
2094
2095
2096
2097
2097
2097
2097
2097
2098
2098
2100
2100
2100
2101
2101
2101
2105
2106
2106
2107
2108
2108
2110
2110
2111
2113
2113
2114
2115
2115
2115
2116
2116
2118
2119
2121
2122
2122
2122
2123
2123
2124
2125
2125
2126
2126
2127
2129
2135
2135
2135
2136
2136
2138
2142
2143
2143
2145
2146
2147
2148
2149
2150
2151
2152
2152
2153
2154
2154
2155
2155
2155
2156
2159
2159
2159
2160
2160
2161
2161
2162
2162
2163
2167
2169
2169
2170
2171
2172
2174
2174
2174
2174
2175
2175
2176
2177
2177
2177
2177
2178
2178
2179
2179
2180
2181
2183
2184
2184
2185
2186
2187
2187
2188
2188
2190
2190
2190
2193
2194
2196
2196
2197
2202
2203
2203
2208
2208
2209
2210
2210
2211
2211
2212
2214
2215
2216
2217
2218
2218
2218
2219
2220
2221
2223
2223
2223
2224
2229
2230
2230
2231
2232
2233
2234
2235
2238
2239
2240
2240
2241
2242
2244
2244
2244
2245
2245
2245
2250
2250
2250
2250
2251
2254
2254
2255
2255
2256
2257
2258
2258
2258
2258
2261
2261
2262
2262
2262
2263
2265
2265
2267
2268
2270
2271
2275
2276
2276
2277
2279
2281
2287
2288
2289
2290
2290
2291
2291
2292
2293
2293
2295
2295
2296
2296
2297
2298
2298
2300
2302
2302
2302
2303
2303
2307
2308
2311
2311
2311
2312
2312
2312
2312
2312
2316
2318
2319
2319
2319
2320
2322
2323
2323
2324
2325
2325
2326
2326
2326
2327
2328
2330
2331
2332
2333
2333
2337
2339
2340
2341
2341
2341
2342
2343
2343
2343
2344
2345
2346
2346
2346
2347
2348
2348
2348
2350
2353
2356
2358
2359
2360
2363
2364
2364
2364
2364
2365
2366
2367
2368
2370
2370
2372
2372
2373
2373
2375
2377
2377
2377
2378
2378
2382
2383
2384
2384
2384
2385
2385
2386
2387
2387
2387
2388
2390
2390
2391
2391
2394
2396
2396
2397
2398
2399
2399
2400
2401
2401
2402
2402
2402
2403
2404
2404
2404
2406
2408
2408
2409
2410
2410
2411
2411
2412
2413
2413
2413
2413
2414
2415
2416
2416
2418
2419
2422
2424
2424
2424
2426
2428
2430
2430
2431
2431
2431
2435
2436
2436
2438
2438
2438
2440
2441
2441
2442
2443
2444
2444
2444
2446
2446
2447
2448
2452
2452
2452
2453
2454
2456
2457
2458
2459
2460
2463
2463
2464
2466
2467
2468
2469
2469
2470
2470
2471
2472
2474
2474
2474
2477
2477
2477
2477
2479
2479
2480
2480
2480
2481
2481
2482
2484
2486
2487
2489
2489
2491
2493
2493
2493
2494
2495
2496
2496
2496
2497
2497
2497
2499
2499
2502
2504
2504
2506
2506
2507
2507
2510
2510
2512
2513
2513
2514
2515
2515
2515
2516
2516
2516
2519
2519
2520
2520
2520
2521
2522
2522
2522
2523
2523
2524
2524
2525
2526
2526
2529
2531
2531
2532
2532
2534
2534
2535
2538
2540
2543
2545
2546
2547
2549
2550
2550
2551
2552
2552
2552
2554
2555
2556
2556
2556
2557
2557
2559
2560
2561
2561
2562
2562
2562
2566
2567
2567
2568
2570
2570
2572
2573
2574
2575
2580
2581
2581
2581
2581
2582
2583
2584
2585
2586
2586
2590
2590
2591
2591
2592
2594
2595
2597
2597
2597
2599
2600
2601
2602
2608
2610
2610
2611
2612
2613
2614
2614
2616
2616
2619
2619
2620
2621
2621
2622
2622
2622
2624
2626
2627
2627
2627
2627
2629
2632
2632
2633
2634
2635
2637
2638
2641
2644
2647
2650
2652
2652
2652
2654
2656
2656
2659
2661
2662
2662
2664
2665
2665
2665
2666
2666
2668
2669
2671
2671
2671
2671
2672
2673
2674
2675
2676
2676
2676
2676
2677
2681
2682
2687
2693
2693
2695
2695
2696
2697
2700
2702
2704
2704
2704
2704
2708
2709
2709
2710
2711
2711
2712
2716
2716
2716
2717
2717
2717
2718
2718
2719
2719
2719
2720
2720
2721
2723
2725
2726
2726
2728
2730
2731
2731
2732
2733
2733
2734
2736
2737
2739
2741
2742
2742
2742
2745
2745
2746
2746
2748
2748
2748
2749
2749
2750
2750
2751
2754
2755
2756
2756
2758
2760
2760
2763
2763
2763
2766
2766
2766
2767
2767
2767
2767
2768
2768
2769
2769
2769
2769
2770
2771
2772
2773
2774
2775
2779
2780
2781
2781
2781
2782
2783
2783
2785
2785
2786
2786
2788
2789
2790
2793
2794
2795
2795
2795
2795
2798
2799
2799
2799
2799
2800
2800
2802
2802
2804
2804
2804
2805
2805
2805
2805
2806
2807
2807
2808
2809
2810
2811
2812
2813
2813
2814
2816
2817
2818
2818
2818
2824
2824
2824
2826
2829
2834
2835
2836
2837
2842
2842
2844
2844
2845
2846
2847
2848
2849
2850
2850
2851
2852
2852
2853
2855
2856
2856
2856
2857
2860
2863
2866
2868
2871
2872
2873
2873
2873
2875
2875
2875
2876
2877
2877
2878
2878
2880
2882
2882
2884
2884
2884
2885
2886
2886
2887
2888
2889
2890
2890
2892
2893
2894
2894
2895
2895
2895
2895
2897
2897
2897
2900
2906
2907
2911
2911
2912
2913
2914
2914
2915
2915
2917
2917
2919
2920
2921
2921
2921
2922
2922
2924
2925
2927
2928
2928
2929
2931
2931
2936
2936
2937
2937
2939
2939
2941
2942
2944
2944
2945
2946
2947
2948
2949
2949
2949
2950
2950
2950
2950
2951
2954
2954
2954
2956
2957
2959
2959
2962
2963
2963
2963
2963
2964
2967
2967
2967
2967
2970
2972
2975
2976
2977
2977
2977
2979
2979
2979
2979
2981
2981
2984
2984
2987
2988
2988
2989
2989
2989
2990
2990
2992
2993
2995
2996
2996
2996
2998
2999
3001
3001
3002
3003
3004
3005
3005
3007
3007
3010
3010
3010
3010
3010
3011
3011
3012
3014
3018
3018
3019
3022
3022
3022
3025
3026
3026
3029
3031
3035
3036
3039
3040
3040
3044
3044
3044
3044
3046
3047
3049
3050
3052
3055
3055
3059
3060
3060
3060
3063
3065
3066
3066
3067
3067
3068
3071
3071
3071
3071
3071
3072
3072
3073
3074
3076
3076
3077
3077
3079
3079
3080
3081
3082
3083
3084
3084
3085
3085
3085
3086
3089
3090
3092
3093
3096
3096
3098
3098
3098
3098
3099
3099
3100
3101
3101
3101
3102
3102
3107
3107
3107
3107
3108
3110
3110
3111
3112
3112
3112
3114
3115
3116
3119
3119
3120
3123
3124
3124
3124
3126
3126
3126
3126
3127
3128
3128
3128
3129
3130
3131
3131
3132
3134
3134
3134
3135
3136
3137
3137
3139
3139
3139
3140
3141
3141
3142
3142
3145
3145
3145
3147
3148
3148
3150
3150
3150
3153
3153
3153
3154
3155
3155
3156
3156
3157
3157
3158
3158
3158
3160
3160
3160
3160
3162
3162
3163
3164
3166
3166
3167
3168
3169
3171
3172
3173
3173
3175
3176
3177
3178
3179
3180
3183
3184
3187
3188
3189
3189
3190
3190
3190
3191
3191
3191
3193
3193
3193
3194
3195
3196
3197
3197
3200
3203
3204
3204
3205
3206
3206
3207
3208
3208
3210
3212
3212
3213
3214
3214
3214
3214
3215
3217
3218
3220
3221
3222
3222
3224
3224
3224
3225
3225
3225
3225
3225
3225
3228
3230
3230
3231
3232
3232
3233
3233
3234
3234
3235
3240
3241
3241
3242
3242
3242
3246
3247
3248
3250
3250
3252
3252
3252
3252
3252
3254
3255
3255
3255
3256
3256
3259
3259
3259
3260
3262
3262
3263
3264
3266
3267
3270
3270
3271
3271
3274
3275
3276
3276
3276
3278
3279
3280
3281
3282
3282
3282
3283
3287
3287
3289
3289
3289
3290
3291
3291
3291
3291
3291
3292
3293
3293
3295
3296
3296
3296
3297
3298
3299
3300
3300
3300
3301
3302
3302
3303
3304
3305
3307
3307
3308
3308
3309
3311
3312
3313
3313
3314
3314
3315
3315
3317
3317
3319
3319
3320
3320
3321
3322
3324
3324
3326
3326
3327
3327
3329
3330
3331
3332
3332
3333
3333
3334
3334
3336
3338
3339
3340
3340
3343
3345
3345
3345
3346
3346
3346
3347
3347
3348
3348
3350
3351
3351
3353
3356
3358
3358
3358
3360
3361
3361
3361
3364
3365
3368
3369
3369
3369
3370
3371
3371
3371
3372
3373
3373
3374
3375
3376
3376
3378
3378
3379
3381
3382
3383
3383
3386
3387
3389
3389
3389
3389
3395
3396
3397
3397
3398
3399
3400
3401
3401
3405
3406
3407
3408
3408
3408
3410
3412
3413
3413
3414
3414
3415
3415
3416
3417
3418
3419
3420
3420
3421
3421
3423
3423
3426
3426
3427
3428
3428
3428
3429
3430
3431
3431
3431
3434
3434
3436
3436
3438
3438
3440
3441
3441
3442
3442
3443
3444
3444
3445
3445
3447
3448
3448
3449
3449
3450
3450
3450
3452
3452
3453
3453
3453
3454
3456
3456
3457
3457
3459
3459
3459
3460
3460
3462
3462
3462
3463
3463
3465
3465
3466
3467
3468
3471
3472
3474
3476
3478
3480
3480
3481
3482
3482
3482
3485
3486
3486
3487
3489
3489
3489
3490
3491
3492
3492
3494
3495
3496
3496
3496
3497
3498
3498
3498
3499
3500
3500
3501
3502
3502
3503
3503
3504
3507
3510
3510
3511
3512
3512
3512
3513
3513
3514
3514
3515
3516
3517
3519
3519
3519
3520
3522
3523
3524
3524
3524
3527
3528
3529
3529
3531
3532
3534
3535
3535
3536
3537
3537
3538
3538
3538
3538
3538
3541
3542
3542
3545
3547
3548
3549
3549
3551
3552
3552
3552
3553
3555
3555
3555
3560
3560
3561
3562
3565
3565
3566
3566
3566
3568
3568
3568
3569
3570
3571
3571
3572
3572
3573
3573
3574
3574
3577
3580
3581
3582
3583
3585
3588
3588
3588
3590
3591
3592
3595
3596
3596
3597
3602
3603
3603
3604
3604
3604
3610
3611
3612
3613
3613
3614
3614
3615
3618
3618
3619
3619
3619
3621
3621
3621
3622
3622
3622
3623
3624
3627
3627
3631
3632
3632
3633
3635
3635
3637
3637
3638
3638
3638
3639
3642
3642
3644
3645
3652
3654
3654
3655
3656
3656
3658
3662
3662
3663
3663
3663
3663
3666
3667
3668
3668
3669
3670
3670
3670
3671
3671
3671
3673
3675
3678
3680
3683
3684
3684
3684
3686
3689
3693
3693
3693
3694
3695
3695
3697
3698
3700
3700
3701
3702
3702
3704
3708
3709
3711
3711
3712
3712
3713
3715
3718
3721
3722
3722
3725
3726
3727
3730
3731
3732
3732
3732
3735
3735
3736
3737
3737
3738
3739
3740
3741
3743
3743
3743
3743
3744
3745
3745
3746
3750
3750
3752
3752
3753
3754
3754
3756
3756
3758
3759
3760
3762
3764
3766
3769
3769
3769
3773
3774
3775
3775
3775
3777
3778
3781
3782
3783
3783
3786
3787
3788
3788
3792
3792
3793
3793
3794
3797
3799
3799
3800
3800
3800
3801
3801
3803
3803
3803
3804
3805
3807
3808
3808
3809
3809
3810
3811
3812
3813
3813
3813
3813
3814
3814
3815
3817
3817
3819
3820
3821
3821
3822
3822
3823
3827
3827
3828
3828
3829
3833
3836
3837
3838
3840
3840
3841
3841
3843
3843
3848
3848
3850
3852
3852
3854
3854
3857
3859
3860
3861
3862
3862
3863
3863
3866
3866
3870
3872
3872
3872
3872
3873
3874
3874
3875
3875
3879
3881
3881
3883
3884
3884
3887
3887
3890
3890
3891
3891
3892
3892
3892
3892
3895
3896
3897
3898
3899
3899
3900
3901
3901
3902
3903
3903
3904
3904
3906
3906
3908
3908
3910
3910
3910
3911
3912
3912
3912
3913
3914
3915
3916
3918
3918
3918
3919
3920
3921
3923
3923
3928
3929
3929
3933
3934
3935
3936
3936
3937
3938
3940
3941
3942
3943
3944
3944
3946
3949
3951
3951
3951
3955
3957
3959
3959
3959
3959
3959
3961
3963
3963
3965
3968
3969
3970
3971
3972
3973
3973
3974
3974
3974
3974
3977
3980
3980
3982
3982
3984
3984
3984
3985
3985
3986
3986
3986
3987
3988
3989
3990
3991
3992
3995
3996
3996
4002
4002
4002
4003
4004
4006
4006
4007
4007
4007
4008
4012
4017
4018
4018
4020
4020
4024
4024
4026
4028
4029
4032
4032
4033
4034
4035
4035
4037
4038
4042
4043
4044
4045
4045
4048
4049
4049
4049
4051
4051
4051
4052
4054
4057
4058
4060
4060
4064
4064
4065
4066
4066
4067
4068
4068
4072
4072
4073
4074
4079
4079
4080
4080
4080
4081
4081
4083
4083
4085
4085
4087
4088
4088
4089
4091
4092
4092
4092
4093
4094
4094
4095
4095
4097
4097
4099
4099
4100
4100
4101
4103
4103
4104
4106
4106
4110
4110
4110
4111
4111
4112
4112
4112
4114
4114
4115
4116
4118
4118
4120
4120
4120
4124
4126
4128
4129
4129
4134
4135
4137
4138
4138
4140
4140
4140
4140
4140
4141
4142
4142
4143
4144
4147
4147
4147
4147
4148
4149
4149
4152
4152
4152
4153
4153
4155
4156
4156
4158
4158
4160
4163
4163
4163
4164
4165
4166
4167
4168
4171
4173
4174
4176
4177
4178
4178
4178
4179
4179
4180
4180
4180
4181
4181
4182
4183
4185
4185
4185
4186
4189
4189
4189
4190
4190
4190
4190
4191
4193
4193
4196
4196
4197
4200
4200
4200
4201
4201
4202
4202
4203
4204
4205
4207
4207
4208
4208
4208
4209
4210
4212
4212
4214
4216
4217
4219
4219
4220
4220
4220
4221
4221
4222
4223
4223
4225
4226
4228
4228
4228
4230
4232
4233
4233
4234
4235
4235
4236
4236
4238
4238
4239
4240
4242
4243
4244
4245
4246
4246
4247
4249
4249
4249
4252
4253
4254
4254
4254
4255
4256
4256
4257
4257
4258
4260
4261
4262
4263
4264
4264
4265
4267
4268
4268
4268
4269
4270
4270
4271
4271
4274
4274
4276
4276
4276
4277
4279
4279
4280
4280
4281
4285
4285
4286
4286
4286
4288
4289
4293
4294
4297
4297
4298
4298
4298
4299
4299
4300
4300
4300
4300
4300
4301
4303
4303
4304
4305
4306
4307
4307
4310
4313
4314
4314
4319
4321
4324
4324
4325
4327
4328
4328
4329
4332
4332
4335
4337
4338
4339
4339
4341
4341
4342
4343
4343
4344
4346
4349
4351
4351
4352
4353
4355
4358
4358
4359
4360
4361
4361
4362
4365
4365
4368
4370
4374
4374
4374
4374
4374
4376
4377
4379
4379
4379
4380
4381
4383
4383
4384
4384
4386
4391
4393
4395
4395
4395
4400
4401
4401
4402
4402
4402
4402
4404
4405
4407
4408
4408
4409
4409
4409
4411
4414
4417
4421
4422
4423
4424
4424
4424
4425
4426
4428
4428
4429
4430
4432
4434
4434
4434
4435
4436
4437
4437
4437
4438
4438
4438
4439
4439
4440
4442
4442
4442
4445
4445
4448
4448
4449
4452
4452
4452
4453
4454
4454
4456
4457
4457
4458
4462
4465
4465
4469
4469
4470
4472
4473
4473
4473
4474
4476
4477
4477
4478
4479
4480
4480
4481
4481
4482
4482
4486
4486
4488
4488
4489
4489
4490
4492
4492
4492
4492
4492
4493
4493
4495
4496
4497
4505
4505
4505
4506
4506
4509
4510
4512
4512
4513
4513
4514
4514
4515
4515
4515
4517
4518
4518
4518
4522
4522
4525
4526
4526
4526
4528
4530
4531
4532
4533
4533
4535
4537
4537
4539
4542
4543
4544
4545
4545
4546
4547
4547
4549
4549
4552
4555
4556
4556
4556
4560
4560
4560
4562
4562
4563
4567
4568
4571
4573
4575
4575
4576
4576
4576
4576
4577
4578
4580
4580
4581
4583
4583
4583
4585
4587
4587
4589
4590
4592
4592
4593
4595
4595
4595
4596
4596
4600
4602
4603
4603
4603
4604
4604
4605
4610
4611
4611
4613
4615
4616
4616
4617
4618
4618
4618
4618
4619
4620
4623
4623
4625
4625
4625
4627
4632
4633
4633
4635
4636
4637
4637
4639
4639
4641
4642
4642
4643
4644
4644
4644
4644
4644
4647
4648
4649
4649
4650
4651
4652
4656
4656
4658
4660
4662
4663
4664
4665
4667
4667
4668
4670
4673
4674
4677
4678
4679
4680
4681
4681
4681
4682
4683
4683
4684
4685
4686
4689
4691
4692
4692
4693
4694
4697
4698
4698
4699
4700
4702
4703
4704
4704
4704
4704
4705
4705
4707
4708
4708
4709
4709
4709
4710
4712
4713
4713
4714
4714
4715
4716
4716
4716
4718
4718
4718
4720
4720
4721
4721
4722
4723
4723
4725
4726
4729
4730
4730
4730
4731
4731
4732
4733
4734
4736
4736
4739
4741
4742
4743
4743
4745
4747
4747
4750
4750
4751
4751
4752
4753
4754
4755
4756
4756
4757
4758
4762
4763
4763
4765
4766
4766
4766
4767
4767
4768
4769
4771
4771
4772
4773
4774
4775
4776
4776
4778
4778
4781
4782
4782
4783
4783
4783
4784
4785
4787
4789
4789
4789
4790
4790
4790
4792
4793
4795
4795
4796
4797
4799
4800
4800
4800
4800
4802
4803
4803
4803
4806
4806
4807
4809
4810
4812
4813
4814
4814
4815
4816
4818
4820
4820
4820
4821
4821
4821
4821
4822
4825
4826
4827
4827
4828
4834
4835
4835
4837
4838
4841
4846
4846
4846
4846
4849
4849
4850
4852
4855
4856
4858
4861
4862
4864
4864
4867
4868
4869
4873
4875
4876
4878
4878
4881
4882
4882
4883
4883
4884
4884
4884
4885
4885
4888
4889
4889
4890
4891
4894
4895
4896
4896
4896
4899
4900
4900
4901
4902
4902
4902
4903
4906
4906
4908
4908
4909
4909
4910
4910
4911
4911
4912
4914
4915
4916
4916
4918
4919
4921
4921
4923
4924
4924
4924
4926
4926
4927
4927
4928
4928
4929
4929
4929
4931
4932
4933
4934
4936
4937
4937
4938
4939
4940
4941
4941
4944
4944
4944
4944
4945
4946
4946
4948
4948
4948
4949
4949
4949
4952
4953
4955
4956
4956
4956
4959
4959
4960
4960
4962
4963
4964
4967
4967
4968
4968
4968
4969
4969
4979
4979
4981
4982
4983
4983
4984
4985
4985
4986
4986
4987
4988
4988
4988
4989
4990
4990
4990
4991
4994
4997
4998
5000
5000
5001
5001
5002
5002
5003
5003
5005
5007
5007
5008
5009
5009
5009
5009
5011
5013
5014
5016
5017
5018
5019
5021
5024
5027
5029
5029
5030
5030
5031
5035
5036
5036
5038
5038
5039
5040
5042
5042
5043
5043
5045
5046
5047
5047
5048
5050
5050
5050
5052
5052
5053
5054
5055
5056
5058
5058
5059
5060
5060
5060
5060
5060
5061
5063
5064
5065
5065
5065
5069
5070
5072
5073
5073
5074
5075
5075
5077
5077
5077
5078
5078
5079
5079
5079
5081
5081
5082
5083
5083
5085
5087
5091
5092
5092
5093
5094
5095
5096
5098
5099
5100
5100
5100
5106
5106
5106
5107
5108
5108
5110
5110
5112
5112
5114
5114
5119
5120
5120
5121
5122
5122
5122
5124
5129
5129
5129
5130
5130
5131
5132
5132
5134
5136
5137
5138
5138
5139
5141
5142
5144
5144
5144
5145
5145
5145
5147
5147
5148
5149
5150
5151
5151
5153
5155
5156
5157
5160
5161
5162
5165
5165
5166
5167
5170
5170
5170
5173
5173
5174
5174
5174
5176
5176
5177
5178
5180
5184
5184
5184
5185
5187
5188
5188
5189
5189
5190
5190
5191
5194
5195
5196
5197
5199
5200
5201
5202
5204
5204
5205
5206
5207
5211
5211
5214
5214
5215
5216
5218
5219
5221
5221
5222
5223
5226
5227
5230
5231
5231
5231
5232
5232
5233
5234
5234
5237
5238
5239
5239
5239
5241
5242
5242
5243
5246
5247
5249
5250
5252
5252
5253
5253
5253
5256
5257
5257
5257
5258
5260
5260
5262
5264
5264
5265
5268
5268
5270
5272
5274
5276
5277
5282
5286
5286
5286
5287
5288
5289
5290
5293
5294
5294
5295
5297
5298
5298
5298
5301
5303
5303
5303
5303
5304
5305
5308
5309
5309
5309
5311
5311
5312
5314
5316
5317
5317
5317
5322
5323
5325
5325
5327
5327
5327
5331
5332
5333
5333
5333
5333
5335
5335
5338
5341
5341
5344
5344
5345
5346
5349
5349
5350
5351
5354
5355
5359
5362
5362
5362
5364
5365
5367
5367
5368
5369
5369
5369
5370
5370
5370
5371
5372
5375
5376
5377
5379
5380
5384
5387
5387
5387
5388
5388
5389
5391
5391
5391
5392
5392
5392
5393
5395
5396
5396
5397
5397
5398
5399
5401
5401
5402
5403
5404
5405
5407
5407
5408
5408
5410
5411
5412
5414
5415
5415
5415
5415
5416
5416
5416
5418
5420
5421
5424
5427
5427
5428
5430
5430
5430
5432
5432
5432
5433
5434
5434
5434
5435
5436
5438
5439
5441
5442
5443
5443
5446
5447
5447
5450
5450
5450
5452
5452
5453
5455
5457
5458
5458
5459
5460
5461
5462
5462
5464
5466
5466
5469
5469
5470
5470
5470
5472
5472
5472
5473
5473
5473
5475
5475
5475
5476
5478
5478
5478
5480
5482
5482
5483
5484
5484
5487
5488
5489
5491
5491
5496
5497
5498
5500
5503
5505
5508
5509
5509
5510
5512
5516
5520
5523
5523
5524
5525
5525
5527
5528
5528
5529
5531
5532
5533
5533
5534
5537
5539
5539
5540
5540
5540
5541
5541
5542
5544
5546
5547
5547
5549
5550
5551
5551
5552
5552
5552
5552
5553
5556
5557
5561
5561
5563
5563
5564
5565
5566
5566
5567
5568
5569
5570
5570
5571
5573
5574
5575
5576
5578
5578
5578
5579
5580
5580
5580
5581
5582
5582
5583
5583
5583
5584
5584
5585
5588
5589
5590
5591
5591
5592
5593
5594
5598
5606
5606
5606
5606
5607
5610
5612
5613
5614
5616
5616
5617
5617
5620
5622
5623
5624
5626
5628
5629
5630
5630
5632
5632
5632
5632
5633
5633
5634
5635
5635
5638
5639
5639
5640
5643
5644
5645
5645
5645
5645
5646
5646
5647
5648
5649
5651
5651
5652
5652
5653
5654
5655
5655
5657
5657
5659
5661
5661
5663
5663
5664
5664
5666
5667
5673
5674
5678
5679
5681
5682
5682
5684
5688
5690
5690
5692
5693
5693
5693
5694
5696
5697
5698
5701
5702
5702
5702
5705
5706
5706
5707
5707
5709
5709
5710
5712
5713
5713
5717
5718
5719
5719
5720
5722
5723
5724
5725
5725
5726
5727
5728
5730
5731
5731
5732
5732
5733
5734
5735
5737
5740
5742
5742
5742
5743
5746
5746
5748
5748
5749
5751
5751
5752
5752
5753
5754
5755
5755
5757
5757
5759
5760
5761
5761
5761
5762
5762
5765
5765
5765
5767
5767
5767
5770
5771
5773
5774
5774
5775
5776
5776
5778
5784
5784
5785
5785
5786
5786
5786
5787
5788
5790
5792
5792
5793
5793
5794
5794
5795
5796
5797
5798
5802
5802
5804
5805
5806
5809
5812
5813
5816
5816
5817
5819
5820
5820
5823
5823
5823
5825
5826
5827
5827
5828
5829
5831
5831
5831
5832
5832
5834
5834
5834
5834
5835
5835
5836
5836
5837
5838
5838
5840
5840
5841
5842
5842
5842
5845
5846
5846
5848
5850
5852
5853
5854
5855
5855
5862
5863
5863
5863
5865
5865
5865
5866
5866
5866
5867
5869
5870
5870
5870
5871
5872
5872
5874
5876
5877
5877
5878
5878
5880
5882
5882
5885
5886
5886
5887
5887
5892
5894
5894
5895
5896
5896
5897
5898
5901
5902
5902
5902
5903
5903
5904
5904
5904
5904
5905
5905
5906
5906
5908
5909
5911
5912
5912
5913
5914
5914
5914
5915
5917
5917
5919
5923
5923
5925
5925
5932
5933
5933
5933
5935
5936
5937
5937
5938
5938
5939
5940
5940
5941
5941
5943
5944
5947
5947
5948
5949
5952
5952
5953
5953
5953
5954
5955
5955
5956
5957
5957
5959
5959
5959
5964
5967
5970
5970
5972
5974
5975
5975
5976
5976
5976
5976
5977
5981
5982
5984
5984
5984
5987
5987
5987
5990
5990
5991
5995
5995
5996
6001
6002
6004
6007
6007
6007
6008
6008
6008
6008
6011
6012
6014
6018
6018
6020
6020
6020
6021
6021
6021
6022
6025
6026
6026
6027
6029
6031
6031
6031
6032
6032
6032
6033
6037
6037
6038
6038
6039
6040
6041
6042
6042
6043
6044
6044
6045
6046
6046
6049
6050
6051
6051
6051
6051
6052
6052
6052
6053
6053
6054
6054
6054
6056
6056
6057
6057
6058
6059
6059
6060
6061
6062
6065
6065
6065
6068
6068
6069
6069
6070
6070
6070
6071
6074
6075
6075
6076
6077
6079
6081
6081
6082
6082
6082
6082
6083
6084
6084
6084
6085
6086
6088
6088
6089
6090
6091
6095
6096
6096
6096
6096
6096
6098
6099
6100
6102
6102
6102
6103
6103
6103
6104
6104
6105
6106
6110
6110
6110
6111
6111
6111
6112
6112
6114
6114
6115
6116
6118
6118
6118
6119
6123
6124
6127
6127
6129
6129
6129
6130
6130
6130
6130
6132
6133
6133
6133
6134
6135
6136
6137
6137
6138
6139
6142
6143
6143
6145
6151
6152
6152
6153
6153
6154
6155
6155
6156
6156
6157
6158
6158
6160
6160
6160
6163
6165
6165
6167
6168
6168
6170
6170
6170
6170
6170
6170
6171
6171
6171
6171
6172
6172
6172
6173
6174
6174
6176
6177
6178
6179
6179
6179
6179
6183
6183
6183
6184
6184
6184
6185
6185
6186
6186
6187
6187
6187
6191
6193
6194
6194
6195
6195
6196
6199
6202
6203
6204
6204
6204
6206
6206
6207
6207
6209
6209
6210
6211
6212
6212
6213
6214
6214
6215
6216
6216
6216
6217
6218
6219
6220
6221
6221
6222
6223
6224
6225
6225
6225
6225
6226
6227
6227
6229
6229
6230
6237
6239
6240
6243
6247
6247
6249
6249
6249
6249
6250
6250
6253
6255
6256
6257
6258
6258
6258
6261
6262
6262
6263
6263
6265
6266
6267
6270
6271
6273
6274
6276
6277
6278
6280
6281
6282
6283
6285
6285
6285
6286
6286
6288
6289
6290
6291
6291
6291
6292
6295
6296
6297
6299
6300
6300
6301
6301
6301
6302
6303
6304
6306
6306
6306
6308
6309
6309
6311
6312
6312
6312
6314
6315
6316
6316
6317
6319
6320
6320
6320
6320
6320
6320
6321
6323
6323
6323
6325
6325
6326
6326
6326
6329
6330
6331
6332
6334
6335
6335
6336
6338
6340
6341
6343
6343
6343
6344
6345
6346
6353
6354
6354
6354
6355
6355
6355
6355
6361
6361
6362
6363
6365
6365
6366
6367
6367
6367
6368
6368
6369
6371
6372
6373
6374
6374
6374
6375
6375
6375
6375
6376
6377
6378
6379
6379
6380
6380
6381
6384
6384
6385
6385
6387
6387
6388
6388
6389
6391
6394
6395
6396
6399
6401
6401
6402
6403
6405
6406
6407
6408
6409
6409
6410
6411
6413
6414
6414
6415
6417
6418
6418
6418
6420
6420
6420
6422
6423
6424
6424
6424
6424
6424
6426
6427
6428
6429
6435
6435
6438
6440
6440
6441
6443
6444
6446
6447
6449
6451
6451
6451
6454
6454
6455
6455
6456
6456
6457
6460
6461
6461
6462
6462
6463
6465
6466
6466
6467
6468
6469
6471
6474
6475
6475
6476
6476
6477
6478
6478
6480
6480
6481
6482
6482
6486
6486
6486
6487
6487
6488
6492
6492
6494
6497
6499
6499
6501
6502
6503
6503
6503
6504
6505
6506
6506
6508
6508
6511
6512
6512
6513
6513
6515
6517
6518
6518
6519
6519
6520
6520
6522
6522
6523
6523
6524
6525
6526
6529
6530
6530
6531
6531
6532
6533
6534
6539
6540
6540
6541
6541
6543
6545
6545
6546
6547
6548
6549
6550
6550
6551
6552
6552
6554
6556
6558
6560
6561
6561
6561
6564
6564
6565
6566
6568
6570
6570
6571
6571
6572
6574
6574
6575
6576
6576
6579
6580
6580
6581
6581
6581
6582
6582
6584
6585
6585
6586
6587
6587
6589
6589
6590
6591
6592
6592
6593
6594
6594
6594
6594
6596
6598
6599
6599
6600
6601
6602
6602
6602
6603
6603
6604
6604
6604
6605
6606
6607
6607
6609
6610
6610
6610
6611
6611
6612
6614
6614
6614
6615
6617
6618
6619
6619
6619
6620
6621
6622
6624
6624
6625
6625
6626
6626
6626
6627
6630
6631
6631
6633
6633
6634
6635
6635
6635
6635
6636
6637
6638
6640
6641
6644
6644
6645
6645
6646
6647
6648
6648
6650
6651
6651
6651
6655
6656
6656
6656
6658
6659
6659
6660
6661
6661
6662
6665
6666
6668
6669
6672
6672
6673
6676
6676
6677
6678
6682
6683
6685
6687
6688
6688
6689
6691
6691
6692
6693
6694
6695
6701
6703
6704
6705
6706
6706
6707
6708
6708
6708
6713
6715
6716
6716
6717
6718
6719
6719
6721
6721
6722
6725
6727
6727
6728
6729
6730
6731
6732
6734
6734
6734
6734
6735
6735
6735
6735
6735
6738
6740
6743
6743
6744
6744
6745
6746
6747
6747
6747
6750
6752
6753
6753
6754
6755
6755
6757
6757
6760
6761
6763
6764
6765
6769
6770
6770
6771
6772
6773
6773
6773
6774
6776
6778
6779
6780
6781
6783
6785
6786
6787
6787
6787
6787
6791
6791
6791
6792
6795
6795
6795
6799
6801
6802
6807
6808
6808
6810
6811
6813
6813
6814
6815
6817
6817
6818
6820
6820
6821
6823
6823
6824
6825
6828
6828
6831
6834
6834
6834
6837
6838
6839
6839
6840
6842
6842
6842
6843
6843
6844
6844
6844
6845
6846
6846
6848
6849
6849
6850
6850
6851
6851
6852
6852
6853
6856
6856
6857
6858
6861
6862
6862
6865
6866
6867
6867
6867
6869
6869
6871
6872
6872
6872
6873
6875
6876
6876
6877
6878
6878
6878
6880
6881
6882
6883
6884
6885
6885
6886
6886
6887
6888
6889
6889
6891
6891
6892
6894
6896
6897
6897
6898
6899
6900
6900
6901
6903
6904
6904
6904
6906
6906
6906
6907
6907
6907
6909
6910
6911
6911
6911
6911
6914
6915
6916
6916
6917
6919
6919
6919
6922
6923
6924
6925
6925
6925
6925
6927
6928
6928
6931
6931
6931
6932
6934
6935
6940
6941
6942
6942
6943
6943
6944
6944
6946
6946
6946
6948
6948
6948
6949
6949
6951
6954
6955
6956
6957
6958
6958
6958
6960
6960
6961
6961
6962
6963
6963
6966
6966
6967
6968
6972
6974
6974
6976
6976
6977
6978
6978
6978
6979
6980
6981
6983
6984
6985
6986
6989
6989
6989
6990
6993
6994
6995
6995
6995
6997
7000
7000
7001
7001
7010
7011
7013
7014
7015
7016
7017
7017
7020
7020
7022
7024
7024
7025
7025
7026
7027
7028
7028
7028
7032
7037
7038
7039
7040
7040
7042
7045
7046
7047
7047
7047
7048
7048
7048
7049
7049
7049
7051
7052
7052
7052
7055
7055
7056
7056
7058
7060
7061
7063
7063
7063
7063
7064
7064
7065
7066
7067
7067
7069
7072
7073
7073
7074
7076
7076
7076
7077
7077
7077
7078
7079
7080
7082
7084
7085
7086
7086
7086
7087
7087
7087
7088
7088
7089
7090
7090
7090
7093
7094
7094
7095
7095
7097
7100
7100
7102
7102
7104
7104
7105
7105
7105
7106
7107
7108
7108
7110
7112
7112
7113
7113
7113
7114
7115
7118
7118
7119
7120
7121
7122
7125
7126
7128
7129
7129
7130
7131
7131
7133
7134
7135
7136
7137
7139
7141
7145
7145
7145
7145
7146
7147
7149
7150
7152
7153
7153
7154
7155
7155
7155
7155
7157
7157
7159
7159
7160
7161
7161
7162
7162
7163
7163
7165
7165
7167
7167
7168
7173
7176
7176
7176
7176
7177
7177
7179
7179
7179
7179
7181
7183
7184
7185
7185
7186
7192
7192
7193
7193
7194
7195
7195
7196
7202
7203
7203
7203
7204
7204
7205
7208
7208
7209
7210
7211
7211
7212
7213
7213
7214
7214
7216
7217
7219
7219
7220
7221
7221
7223
7224
7225
7228
7228
7229
7229
7229
7230
7231
7231
7231
7233
7233
7233
7234
7234
7235
7236
7236
7240
7241
7242
7242
7243
7243
7243
7244
7245
7245
7245
7246
7247
7247
7248
7248
7249
7251
7252
7255
7256
7256
7256
7257
7257
7261
7263
7264
7265
7265
7266
7268
7268
7269
7270
7270
7271
7272
7273
7274
7276
7277
7278
7279
7279
7279
7279
7283
7285
7285
7286
7286
7287
7288
7289
7289
7291
7293
7295
7298
7300
7300
7300
7301
7302
7306
7307
7307
7308
7309
7311
7311
7312
7312
7312
7314
7317
7318
7319
7320
7321
7323
7324
7328
7328
7328
7328
7328
7328
7328
7329
7334
7335
7335
7336
7337
7338
7339
7341
7343
7343
7344
7345
7345
7345
7347
7348
7348
7348
7349
7349
7351
7358
7359
7359
7361
7362
7363
7364
7365
7369
7369
7369
7370
7371
7371
7372
7372
7372
7372
7374
7375
7376
7379
7381
7383
7385
7385
7386
7387
7387
7389
7391
7392
7392
7394
7394
7396
7397
7398
7399
7399
7400
7400
7404
7405
7406
7407
7409
7409
7411
7412
7412
7415
7417
7417
7419
7420
7421
7421
7422
7425
7425
7427
7427
7428
7428
7429
7429
7430
7430
7433
7434
7435
7435
7436
7436
7438
7438
7440
7440
7440
7440
7441
7441
7442
7442
7444
7445
7447
7448
7451
7451
7451
7452
7452
7452
7453
7454
7454
7455
7455
7455
7455
7456
7458
7459
7460
7461
7461
7461
7462
7462
7462
7463
7463
7464
7464
7468
7468
7471
7472
7473
7474
7475
7476
7477
7481
7482
7482
7484
7484
7485
7486
7487
7488
7489
7489
7490
7490
7491
7493
7494
7495
7495
7496
7496
7497
7497
7497
7501
7501
7502
7504
7506
7509
7511
7511
7511
7514
7515
7516
7518
7518
7520
7520
7520
7521
7521
7521
7522
7523
7523
7524
7524
7527
7527
7527
7527
7528
7528
7529
7530
7530
7531
7534
7535
7537
7540
7540
7541
7542
7544
7544
7545
7546
7547
7547
7549
7549
7549
7551
7552
7553
7553
7554
7554
7554
7555
7556
7558
7559
7559
7559
7560
7560
7560
7560
7563
7563
7564
7564
7565
7566
7566
7568
7569
7569
7572
7574
7574
7576
7577
7578
7579
7579
7579
7580
7581
7581
7581
7582
7583
7585
7589
7589
7590
7590
7591
7591
7592
7593
7595
7596
7599
7600
7600
7602
7602
7603
7604
7604
7605
7605
7605
7606
7606
7607
7612
7612
7612
7616
7616
7617
7617
7619
7619
7621
7623
7623
7624
7624
7625
7626
7627
7628
7628
7629
7630
7632
7633
7633
7634
7637
7637
7638
7638
7639
7639
7641
7641
7644
7644
7645
7646
7646
7647
7647
7647
7647
7648
7649
7650
7651
7651
7652
7652
7655
7658
7659
7664
7664
7665
7667
7669
7669
7669
7669
7670
7672
7672
7673
7675
7675
7675
7677
7677
7678
7680
7683
7683
7684
7685
7686
7687
7687
7688
7688
7689
7689
7690
7690
7692
7693
7694
7695
7695
7696
7697
7698
7698
7699
7699
7701
7701
7702
7704
7704
7706
7707
7709
7709
7710
7710
7712
7713
7713
7714
7714
7715
7716
7716
7718
7721
7727
7730
7731
7731
7731
7731
7732
7738
7739
7741
7743
7743
7744
7744
7745
7746
7746
7747
7747
7750
7750
7750
7751
7752
7752
7753
7754
7755
7755
7756
7756
7757
7757
7757
7758
7762
7762
7763
7764
7764
7765
7765
7769
7769
7770
7770
7771
7771
7772
7776
7777
7777
7779
7779
7781
7782
7783
7783
7783
7784
7785
7785
7786
7786
7786
7789
7789
7789
7790
7791
7793
7796
7798
7798
7799
7799
7800
7801
7801
7802
7803
7804
7804
7804
7806
7806
7807
7808
7809
7811
7811
7812
7815
7816
7817
7817
7818
7820
7820
7821
7821
7822
7822
7824
7826
7830
7832
7832
7833
7833
7834
7836
7838
7839
7840
7841
7841
7842
7842
7844
7847
7848
7849
7849
7851
7851
7851
7851
7852
7853
7853
7855
7856
7856
7856
7857
7858
7858
7858
7860
7861
7861
7862
7863
7863
7864
7864
7864
7865
7865
7868
7868
7869
7870
7871
7871
7873
7873
7874
7875
7876
7877
7877
7878
7878
7878
7879
7880
7880
7881
7881
7881
7882
7882
7882
7883
7885
7886
7886
7887
7888
7890
7890
7891
7891
7894
7894
7899
7900
7900
7901
7903
7904
7904
7905
7908
7909
7909
7912
7913
7915
7917
7919
7919
7920
7921
7921
7921
7922
7922
7922
7923
7923
7923
7923
7925
7926
7929
7931
7932
7932
7934
7934
7935
7935
7936
7936
7938
7939
7941
7941
7941
7944
7944
7945
7947
7947
7948
7950
7954
7955
7957
7957
7957
7957
7961
7962
7962
7962
7962
7962
7964
7965
7966
7966
7967
7968
7969
7969
7973
7976
7976
7976
7976
7977
7977
7978
7979
7979
7981
7981
7983
7983
7983
7985
7986
7987
7987
7989
7989
7991
7993
7993
7993
7994
7996
7996
7996
7997
8001
8002
8002
8003
8005
8005
8006
8008
8011
8012
8012
8014
8014
8015
8015
8015
8016
8018
8019
8019
8020
8020
8021
8022
8022
8025
8026
8026
8030
8031
8032
8034
8034
8036
8039
8040
8041
8042
8044
8044
8046
8047
8048
8048
8048
8050
8051
8053
8055
8056
8057
8060
8061
8061
8061
8061
8063
8064
8067
8068
8070
8072
8073
8074
8075
8075
8075
8075
8079
8080
8082
8082
8083
8083
8085
8085
8089
8091
8092
8093
8093
8094
8095
8096
8096
8099
8101
8102
8103
8104
8107
8107
8108
8109
8109
8110
8112
8113
8114
8114
8114
8115
8118
8120
8121
8121
8121
8122
8122
8122
8123
8123
8124
8124
8124
8124
8126
8127
8128
8129
8130
8131
8134
8134
8134
8135
8137
8138
8138
8138
8139
8139
8141
8142
8142
8142
8143
8144
8145
8145
8147
8148
8149
8149
8149
8153
8153
8153
8154
8154
8155
8155
8156
8156
8158
8161
8162
8163
8163
8163
8165
8165
8166
8166
8168
8168
8169
8171
8171
8171
8174
8174
8175
8177
8177
8178
8178
8179
8179
8180
8185
8187
8187
8188
8188
8190
8190
8192
8194
8194
8197
8200
8201
8204
8205
8205
8205
8206
8207
8208
8209
8210
8212
8213
8214
8215
8215
8216
8219
8222
8222
8223
8224
8224
8226
8227
8227
8227
8229
8229
8229
8231
8232
8232
8233
8233
8233
8235
8235
8236
8238
8238
8240
8240
8240
8240
8242
8242
8242
8243
8243
8245
8249
8250
8252
8252
8253
8254
8256
8257
8257
8257
8257
8258
8258
8259
8259
8259
8261
8262
8262
8262
8262
8263
8263
8266
8266
8269
8270
8271
8271
8271
8272
8273
8273
8278
8280
8280
8280
8282
8283
8286
8287
8287
8287
8288
8288
8289
8291
8292
8293
8294
8297
8297
8298
8299
8299
8300
8300
8301
8301
8301
8303
8303
8304
8306
8307
8307
8308
8309
8309
8310
8310
8311
8313
8317
8317
8317
8317
8319
8321
8321
8321
8322
8323
8323
8324
8325
8326
8326
8327
8327
8331
8331
8331
8331
8334
8334
8335
8335
8335
8336
8336
8336
8338
8338
8339
8339
8340
8345
8345
8345
8347
8347
8350
8351
8351
8352
8352
8353
8357
8362
8363
8363
8364
8365
8366
8366
8367
8367
8367
8369
8369
8370
8371
8371
8372
8372
8373
8374
8375
8376
8376
8378
8380
8382
8383
8385
8385
8387
8388
8390
8392
8393
8394
8396
8396
8398
8400
8400
8401
8401
8402
8404
8406
8407
8407
8408
8408
8409
8410
8412
8414
8414
8415
8416
8419
8420
8422
8422
8423
8423
8424
8424
8426
8426
8426
8427
8428
8428
8429
8430
8430
8430
8431
8433
8433
8435
8436
8437
8437
8437
8437
8438
8438
8439
8440
8441
8442
8443
8444
8445
8445
8446
8450
8452
8453
8456
8457
8458
8459
8461
8462
8462
8462
8464
8464
8465
8466
8467
8467
8467
8468
8469
8470
8470
8471
8474
8475
8475
8476
8476
8478
8478
8479
8479
8481
8482
8484
8487
8488
8489
8490
8492
8493
8494
8498
8499
8501
8501
8501
8501
8503
8505
8508
8509
8510
8514
8515
8515
8516
8516
8517
8517
8517
8518
8518
8518
8518
8519
8520
8521
8521
8524
8527
8527
8528
8529
8530
8531
8532
8533
8533
8534
8534
8534
8535
8535
8536
8538
8540
8540
8541
8542
8543
8545
8547
8548
8549
8549
8553
8554
8554
8555
8555
8555
8556
8557
8559
8559
8561
8562
8563
8563
8564
8566
8567
8567
8567
8568
8568
8570
8570
8574
8577
8577
8579
8582
8583
8583
8585
8585
8590
8594
8594
8595
8596
8597
8597
8597
8599
8599
8599
8600
8601
8602
8602
8602
8604
8606
8608
8608
8609
8611
8612
8613
8613
8615
8616
8617
8619
8621
8621
8622
8622
8625
8626
8626
8627
8629
8630
8630
8630
8631
8633
8633
8637
8638
8638
8640
8641
8643
8643
8644
8645
8645
8647
8649
8650
8650
8651
8651
8652
8652
8652
8652
8654
8654
8655
8657
8658
8660
8663
8665
8666
8666
8668
8668
8670
8670
8670
8672
8672
8672
8673
8677
8678
8679
8680
8680
8682
8682
8683
8684
8685
8685
8689
8694
8696
8697
8700
8700
8700
8701
8702
8704
8709
8709
8709
8710
8713
8713
8715
8715
8716
8718
8718
8718
8720
8721
8721
8723
8724
8726
8727
8727
8729
8729
8732
8732
8732
8733
8735
8737
8738
8739
8740
8740
8740
8741
8742
8742
8745
8746
8746
8754
8755
8755
8756
8759
8759
8759
8760
8760
8760
8762
8763
8764
8765
8765
8765
8765
8766
8767
8767
8768
8768
8768
8768
8768
8770
8770
8772
8772
8774
8776
8778
8778
8778
8783
8785
8785
8785
8786
8786
8786
8787
8788
8788
8791
8791
8792
8793
8793
8793
8794
8794
8795
8797
8798
8799
8800
8802
8802
8802
8803
8804
8806
8806
8808
8809
8810
8813
8815
8815
8817
8819
8819
8819
8822
8822
8824
8824
8824
8826
8826
8826
8828
8828
8830
8831
8831
8831
8832
8835
8836
8836
8839
8839
8840
8841
8842
8843
8844
8844
8844
8846
8847
8849
8849
8851
8853
8855
8855
8858
8858
8858
8859
8861
8861
8863
8864
8864
8864
8865
8866
8871
8871
8871
8871
8873
8874
8874
8874
8875
8876
8876
8877
8877
8877
8879
8879
8880
8881
8881
8882
8882
8883
8885
8886
8886
8890
8892
8892
8892
8897
8897
8897
8897
8898
8901
8902
8903
8905
8905
8906
8908
8909
8909
8911
8914
8914
8916
8916
8916
8916
8917
8917
8918
8919
8922
8922
8923
8923
8923
8924
8924
8925
8926
8926
8928
8928
8929
8930
8930
8930
8930
8932
8932
8933
8933
8933
8934
8935
8936
8936
8936
8936
8940
8941
8942
8943
8944
8945
8947
8948
8949
8951
8951
8953
8954
8954
8955
8955
8956
8959
8960
8961
8961
8962
8963
8964
8964
8968
8968
8968
8970
8971
8973
8976
8977
8978
8978
8979
8979
8984
8984
8985
8987
8988
8991
8993
8996
8996
8997
9000
9001
9001
9002
9002
9003
9003
9004
9005
9005
9005
9006
9006
9007
9008
9008
9009
9010
9011
9012
9012
9012
9013
9014
9016
9017
9017
9020
9020
9021
9021
9022
9024
9026
9027
9028
9029
9029
9029
9030
9031
9033
9033
9035
9035
9036
9036
9036
9036
9037
9039
9040
9040
9042
9043
9044
9044
9045
9046
9047
9049
9052
9052
9054
9055
9056
9056
9057
9058
9058
9059
9060
9060
9061
9061
9062
9063
9066
9067
9070
9071
9071
9071
9072
9072
9073
9074
9075
9075
9076
9076
9076
9077
9077
9080
9081
9082
9085
9085
9085
9086
9087
9091
9092
9093
9093
9093
9094
9094
9095
9096
9096
9097
9097
9098
9098
9098
9101
9102
9102
9110
9112
9112
9113
9114
9114
9114
9115
9115
9115
9116
9116
9117
9118
9118
9120
9120
9120
9122
9123
9123
9123
9124
9125
9126
9127
9128
9128
9136
9137
9138
9140
9140
9140
9142
9143
9143
9143
9143
9144
9144
9144
9145
9147
9148
9148
9148
9149
9149
9151
9152
9152
9152
9153
9153
9154
9155
9156
9157
9157
9158
9158
9160
9160
9160
9160
9161
9161
9162
9162
9164
9165
9167
9168
9168
9168
9170
9170
9172
9173
9174
9175
9175
9175
9178
9178
9180
9185
9186
9187
9188
9189
9191
9193
9195
9196
9197
9198
9199
9201
9202
9203
9204
9204
9205
9206
9207
9210
9212
9212
9213
9213
9213
9214
9214
9216
9216
9217
9217
9218
9219
9220
9220
9221
9223
9224
9225
9225
9226
9229
9229
9229
9230
9230
9231
9233
9233
9233
9233
9234
9235
9237
9238
9238
9239
9239
9241
9241
9243
9244
9246
9247
9247
9248
9251
9252
9253
9255
9255
9260
9260
9260
9261
9261
9264
9265
9266
9272
9272
9274
9276
9276
9276
9276
9278
9279
9280
9281
9281
9282
9283
9284
9286
9287
9288
9289
9290
9291
9291
9292
9292
9293
9294
9295
9296
9298
9298
9298
9300
9301
9301
9303
9304
9305
9306
9308
9308
9308
9309
9309
9310
9310
9311
9314
9315
9315
9318
9318
9321
9321
9321
9324
9324
9324
9324
9325
9325
9325
9326
9327
9329
9329
9330
9331
9332
9332
9332
9332
9334
9336
9336
9336
9337
9338
9338
9339
9339
9341
9342
9343
9343
9344
9344
9344
9344
9346
9349
9350
9350
9351
9354
9356
9358
9358
9359
9361
9362
9362
9363
9364
9364
9365
9366
9367
9368
9369
9371
9377
9378
9381
9383
9385
9385
9385
9387
9388
9390
9392
9392
9393
9394
9396
9396
9396
9397
9397
9397
9399
9399
9399
9401
9401
9402
9403
9403
9406
9407
9408
9408
9408
9410
9412
9412
9413
9413
9414
9414
9414
9415
9415
9415
9416
9416
9416
9417
9417
9417
9418
9419
9419
9420
9420
9421
9423
9427
9431
9432
9434
9436
9439
9443
9443
9445
9446
9446
9446
9448
9449
9450
9451
9451
9452
9452
9453
9453
9454
9454
9455
9456
9457
9457
9458
9459
9461
9461
9465
9467
9467
9470
9472
9472
9476
9477
9477
9477
9480
9480
9480
9481
9481
9481
9482
9485
9488
9488
9489
9489
9491
9491
9494
9495
9495
9496
9498
9501
9502
9505
9508
9510
9511
9511
9512
9513
9517
9517
9519
9520
9521
9521
9522
9523
9523
9527
9528
9528
9529
9529
9530
9531
9531
9534
9535
9537
9537
9538
9540
9540
9540
9541
9542
9542
9542
9542
9543
9546
9546
9546
9548
9550
9550
9551
9552
9553
9554
9555
9555
9557
9560
9560
9562
9563
9564
9564
9564
9568
9568
9569
9570
9570
9571
9573
9573
9573
9574
9574
9575
9576
9576
9577
9578
9581
9582
9582
9583
9584
9584
9586
9586
9587
9589
9590
9594
9594
9595
9596
9597
9597
9598
9598
9598
9599
9599
9601
9601
9601
9602
9602
9603
9603
9603
9603
9604
9604
9607
9607
9609
9611
9611
9611
9612
9614
9614
9615
9617
9617
9617
9617
9618
9620
9620
9623
9625
9627
9627
9628
9628
9629
9630
9631
9631
9632
9632
9633
9635
9635
9636
9639
9640
9641
9642
9644
9644
9646
9650
9652
9652
9652
9654
9657
9658
9660
9661
9661
9662
9662
9664
9665
9667
9667
9668
9668
9669
9669
9673
9673
9673
9675
9675
9676
9676
9676
9677
9677
9679
9679
9680
9680
9681
9681
9681
9681
9682
9683
9683
9683
9683
9685
9685
9685
9686
9688
9690
9691
9692
9692
9694
9697
9697
9697
9699
9700
9700
9700
9700
9701
9702
9703
9704
9707
9708
9709
9711
9711
9712
9713
9715
9715
9715
9716
9717
9718
9719
9720
9720
9721
9722
9722
9723
9725
9726
9726
9727
9728
9731
9731
9733
9733
9734
9735
9735
9740
9740
9741
9741
9742
9742
9743
9744
9746
9746
9747
9747
9747
9749
9752
9754
9754
9755
9756
9757
9758
9758
9758
9759
9760
9762
9763
9764
9764
9765
9770
9770
9774
9775
9778
9778
9778
9778
9779
9779
9779
9780
9780
9784
9784
9784
9784
9785
9786
9786
9787
9788
9788
9790
9790
9795
9795
9795
9795
9795
9796
9798
9799
9799
9800
9801
9802
9804
9806
9806
9808
9808
9811
9811
9812
9813
9813
9814
9814
9815
9816
9816
9816
9816
9817
9820
9820
9820
9823
9823
9824
9825
9826
9826
9827
9828
9830
9830
9831
9831
9831
9832
9833
9834
9834
9835
9837
9838
9838
9839
9841
9843
9843
9844
9845
9848
9851
9851
9852
9852
9853
9853
9854
9854
9855
9856
9857
9857
9857
9857
9858
9859
9861
9864
9865
9865
9866
9866
9867
9867
9868
9868
9869
9870
9871
9871
9873
9873
9873
9876
9876
9876
9876
9876
9878
9878
9878
9879
9879
9880
9880
9881
9881
9885
9887
9887
9887
9888
9889
9889
9891
9892
9893
9895
9896
9898
9898
9901
9901
9902
9902
9902
9903
9904
9905
9905
9906
9907
9909
9911
9912
9915
9916
9918
9918
9918
9919
9919
9920
9921
9922
9923
9924
9926
9927
9930
9931
9932
9932
9933
9934
9935
9936
9938
9940
9941
9941
9941
9943
9943
9945
9946
9947
9948
9948
9949
9951
9951
9951
9955
9955
9956
9956
9957
9959
9960
9961
9964
9967
9968
9969
9970
9972
9972
9972
9973
9975
9975
9975
9976
9977
9980
9980
9981
9982
9985
9987
9987
9987
9988
9990
9991
9992
9992
9992
9993
9993
9994
9995
9998
9998
